0 0.0424141
1 0.0413315
2 0.040459
3 0.0397006
4 0.0390155
5 0.0383825
6 0.0377886
7 0.0372256
8 0.0366881
9 0.0361726
10 0.035677
11 0.0351999
12 0.0347403
13 0.0342975
14 0.0338708
15 0.0334597
16 0.0330636
17 0.032682
18 0.0323145
19 0.0319603
20 0.0316191
21 0.0312903
22 0.0309732
23 0.0306674
24 0.0303723
25 0.0300874
26 0.0298123
27 0.0295465
28 0.0292897
29 0.0290413
30 0.0288011
31 0.0285687
32 0.0283437
33 0.0281259
34 0.0279149
35 0.0277103
36 0.0275119
37 0.0273195
38 0.0271325
39 0.0269509
40 0.0267743
41 0.0266025
42 0.0264353
43 0.0262723
44 0.0261135
45 0.0259587
46 0.0258076
47 0.0256601
48 0.0255161
49 0.0253754
50 0.0252378
51 0.0251033
52 0.0249717
53 0.0248429
54 0.0247168
55 0.0245933
56 0.0244723
57 0.0243537
58 0.0242374
59 0.0241234
60 0.0240115
61 0.0239016
62 0.0237938
63 0.0236879
64 0.0235839
65 0.0234817
66 0.0233812
67 0.0232825
68 0.0231854
69 0.0230898
70 0.0229958
71 0.0229034
72 0.0228123
73 0.0227227
74 0.0226344
75 0.0225474
76 0.0224618
77 0.0223774
78 0.0222942
79 0.0222121
80 0.0221313
81 0.0220515
82 0.0219729
83 0.0218953
84 0.0218187
85 0.0217432
86 0.0216686
87 0.021595
88 0.0215223
89 0.0214505
90 0.0213796
91 0.0213096
92 0.0212404
93 0.021172
94 0.0211045
95 0.0210377
96 0.0209717
97 0.0209065
98 0.020842
99 0.0207782
100 0.0207151
101 0.0206527
102 0.020591
103 0.0205299
104 0.0204695
105 0.0204097
106 0.0203505
107 0.0202919
108 0.020234
109 0.0201766
110 0.0201197
111 0.0200635
112 0.0200077
113 0.0199526
114 0.0198979
115 0.0198438
116 0.0197901
117 0.019737
118 0.0196843
119 0.0196321
120 0.0195804
121 0.0195292
122 0.0194784
123 0.019428
124 0.0193781
125 0.0193286
126 0.0192795
127 0.0192309
128 0.0191827
129 0.0191348
130 0.0190874
131 0.0190403
132 0.0189936
133 0.0189473
134 0.0189013
135 0.0188558
136 0.0188105
137 0.0187657
138 0.0187211
139 0.0186769
140 0.0186331
141 0.0185895
142 0.0185463
143 0.0185034
144 0.0184609
145 0.0184186
146 0.0183766
147 0.018335
148 0.0182936
149 0.0182525
150 0.0182117
151 0.0181712
152 0.018131
153 0.018091
154 0.0180514
155 0.0180119
156 0.0179728
157 0.0179339
158 0.0178952
159 0.0178569
160 0.0178187
161 0.0177808
162 0.0177432
163 0.0177058
164 0.0176686
165 0.0176316
166 0.0175949
167 0.0175584
168 0.0175222
169 0.0174861
170 0.0174503
171 0.0174147
172 0.0173793
173 0.0173441
174 0.0173091
175 0.0172743
176 0.0172398
177 0.0172054
178 0.0171712
179 0.0171372
180 0.0171034
181 0.0170698
182 0.0170364
183 0.0170032
184 0.0169702
185 0.0169373
186 0.0169046
187 0.0168721
188 0.0168398
189 0.0168076
190 0.0167756
191 0.0167438
192 0.0167122
193 0.0166807
194 0.0166493
195 0.0166182
196 0.0165872
197 0.0165563
198 0.0165257
199 0.0164951
200 0.0164648
201 0.0164345
202 0.0164044
203 0.0163745
204 0.0163447
205 0.0163151
206 0.0162856
207 0.0162563
208 0.0162271
209 0.016198
210 0.0161691
211 0.0161403
212 0.0161116
213 0.0160831
214 0.0160547
215 0.0160264
216 0.0159983
217 0.0159703
218 0.0159424
219 0.0159147
220 0.015887
221 0.0158595
222 0.0158322
223 0.0158049
224 0.0157778
225 0.0157508
226 0.0157239
227 0.0156971
228 0.0156704
229 0.0156439
230 0.0156174
231 0.0155911
232 0.0155649
233 0.0155388
234 0.0155128
235 0.0154869
236 0.0154612
237 0.0154355
238 0.0154099
239 0.0153845
240 0.0153591
241 0.0153339
242 0.0153087
243 0.0152837
244 0.0152587
245 0.0152339
246 0.0152092
247 0.0151845
248 0.01516
249 0.0151355
250 0.0151111
251 0.0150869
252 0.0150627
253 0.0150386
254 0.0150147
255 0.0149908
256 0.014967
257 0.0149433
258 0.0149196
259 0.0148961
260 0.0148727
261 0.0148493
262 0.0148261
263 0.0148029
264 0.0147798
265 0.0147568
266 0.0147339
267 0.014711
268 0.0146883
269 0.0146656
270 0.014643
271 0.0146205
272 0.014598
273 0.0145757
274 0.0145534
275 0.0145312
276 0.0145091
277 0.0144871
278 0.0144651
279 0.0144432
280 0.0144214
281 0.0143997
282 0.014378
283 0.0143565
284 0.014335
285 0.0143135
286 0.0142922
287 0.0142709
288 0.0142497
289 0.0142285
290 0.0142075
291 0.0141864
292 0.0141655
293 0.0141447
294 0.0141239
295 0.0141031
296 0.0140825
297 0.0140619
298 0.0140414
299 0.0140209
300 0.0140005
301 0.0139802
302 0.01396
303 0.0139398
304 0.0139197
305 0.0138996
306 0.0138796
307 0.0138604
308 0.0138419
309 0.013824
310 0.0138066
311 0.0137897
312 0.0137732
313 0.013757
314 0.0137411
315 0.0137255
316 0.01371
317 0.0136948
318 0.0136796
319 0.0136645
320 0.0136494
321 0.0136344
322 0.0136193
323 0.0136042
324 0.0135889
325 0.0135736
326 0.0135581
327 0.0135424
328 0.0135266
329 0.0135105
330 0.0134942
331 0.0134776
332 0.0134607
333 0.0134435
334 0.013426
335 0.0134081
336 0.0133898
337 0.0133712
338 0.0133521
339 0.0133326
340 0.0133127
341 0.0132923
342 0.0132714
343 0.0132501
344 0.0132282
345 0.0132058
346 0.0131828
347 0.0131593
348 0.0131353
349 0.0131106
350 0.0130854
351 0.0130596
352 0.0130331
353 0.013006
354 0.0129783
355 0.0129499
356 0.0129209
357 0.0128912
358 0.0128617
359 0.0128324
360 0.0128034
361 0.0127746
362 0.012746
363 0.0127176
364 0.0126894
365 0.0126613
366 0.0126334
367 0.0126056
368 0.012578
369 0.0125505
370 0.0125231
371 0.0124958
372 0.0124687
373 0.0124416
374 0.0124146
375 0.0123878
376 0.012361
377 0.0123343
378 0.0123077
379 0.0122812
380 0.0122548
381 0.0122284
382 0.0122022
383 0.012176
384 0.0121499
385 0.0121238
386 0.0120979
387 0.012072
388 0.0120462
389 0.0120204
390 0.0119948
391 0.0119692
392 0.0119437
393 0.0119182
394 0.0118929
395 0.0118676
396 0.0118423
397 0.0118172
398 0.0117921
399 0.0117671
400 0.0117421
401 0.0117172
402 0.0116924
403 0.0116676
404 0.0116429
405 0.0116182
406 0.0115936
407 0.0115691
408 0.0115446
409 0.0115202
410 0.0114959
411 0.0114716
412 0.0114473
413 0.0114231
414 0.011399
415 0.0113749
416 0.0113509
417 0.0113269
418 0.011303
419 0.0112792
420 0.0112554
421 0.0112316
422 0.0112079
423 0.0111842
424 0.0111607
425 0.0111371
426 0.0111136
427 0.0110902
428 0.0110668
429 0.0110434
430 0.0110201
431 0.0109969
432 0.0109737
433 0.0109505
434 0.0109274
435 0.0109043
436 0.0108813
437 0.0108583
438 0.0108354
439 0.0108125
440 0.0107897
441 0.0107669
442 0.0107442
443 0.0107215
444 0.0106988
445 0.0106762
446 0.0106536
447 0.0106311
448 0.0106086
449 0.0105862
450 0.0105638
451 0.0105414
452 0.0105191
453 0.0104968
454 0.0104746
455 0.0104524
456 0.0104302
457 0.0104081
458 0.010386
459 0.010364
460 0.010342
461 0.01032
462 0.0102981
463 0.0102762
464 0.0102543
465 0.0102325
466 0.0102107
467 0.010189
468 0.0101673
469 0.0101456
470 0.0101239
471 0.0101023
472 0.0100807
473 0.0100592
474 0.0100377
475 0.0100162
476 0.00999479
477 0.00997338
478 0.00995201
479 0.00993066
480 0.00990935
481 0.00988808
482 0.00986683
483 0.00984561
484 0.00982443
485 0.00980327
486 0.00978215
487 0.00976106
488 0.00973999
489 0.00971896
490 0.00969795
491 0.00967698
492 0.00965603
493 0.00963511
494 0.00961422
495 0.00959336
496 0.00957253
497 0.00955172
498 0.00953094
499 0.00951019
500 0.00948947
501 0.00946877
502 0.00944809
503 0.00942745
504 0.00940683
505 0.00938623
506 0.00936566
507 0.00934512
508 0.0093246
509 0.00930411
510 0.00928364
511 0.00926319
512 0.00924277
513 0.00922237
514 0.009202
515 0.00918165
516 0.00916132
517 0.00914101
518 0.00912073
519 0.00910047
520 0.00908023
521 0.00906002
522 0.00903982
523 0.00901965
524 0.0089995
525 0.00897937
526 0.00895926
527 0.00893917
528 0.0089191
529 0.00889906
530 0.00887903
531 0.00885902
532 0.00883904
533 0.00881907
534 0.00879912
535 0.00877919
536 0.00875928
537 0.00873939
538 0.00871952
539 0.00869967
540 0.00867983
541 0.00866001
542 0.00864021
543 0.00862043
544 0.00860067
545 0.00858092
546 0.00856119
547 0.00854148
548 0.00852178
549 0.00850211
550 0.00848244
551 0.0084628
552 0.00844317
553 0.00842355
554 0.00840395
555 0.00838437
556 0.0083648
557 0.00834525
558 0.00832571
559 0.00830619
560 0.00828668
561 0.00826719
562 0.00824771
563 0.00822825
564 0.0082088
565 0.00818936
566 0.00816994
567 0.00815053
568 0.00813113
569 0.00811175
570 0.00809238
571 0.00807302
572 0.00805368
573 0.00803435
574 0.00801503
575 0.00799572
576 0.00797643
577 0.00795714
578 0.00793787
579 0.00791861
580 0.00789936
581 0.00788012
582 0.0078609
583 0.00784168
584 0.00782247
585 0.00780328
586 0.00778409
587 0.00776492
588 0.00774575
589 0.0077266
590 0.00770745
591 0.00768832
592 0.00766919
593 0.00765007
594 0.00763096
595 0.00761186
596 0.00759277
597 0.00757368
598 0.00755461
599 0.00753554
600 0.00751648
601 0.00749743
602 0.00747839
603 0.00745935
604 0.00744032
605 0.00742129
606 0.00740228
607 0.00738327
608 0.00736426
609 0.00734527
610 0.00732628
611 0.00730729
612 0.00728831
613 0.00726934
614 0.00725037
615 0.0072314
616 0.00721244
617 0.00719349
618 0.00717454
619 0.00715559
620 0.00713665
621 0.00711771
622 0.00709878
623 0.00707985
624 0.00706092
625 0.00704199
626 0.00702307
627 0.00700415
628 0.00698523
629 0.00696631
630 0.00694739
631 0.00692847
632 0.00690955
633 0.00689064
634 0.00687172
635 0.0068528
636 0.00683388
637 0.00681496
638 0.00679603
639 0.00677711
640 0.00675818
641 0.00673925
642 0.00672031
643 0.00670137
644 0.00668242
645 0.00666347
646 0.00664452
647 0.00662556
648 0.00660659
649 0.00658761
650 0.00656863
651 0.00654964
652 0.00653064
653 0.00651163
654 0.00649262
655 0.00647359
656 0.00645455
657 0.0064355
658 0.00641644
659 0.00639737
660 0.00637829
661 0.00635919
662 0.00634008
663 0.00632096
664 0.00630182
665 0.00628278
666 0.00626387
667 0.00624509
668 0.00622645
669 0.00620797
670 0.00618964
671 0.00617146
672 0.00615345
673 0.0061356
674 0.00611791
675 0.00610039
676 0.00608303
677 0.00606583
678 0.0060488
679 0.00603192
680 0.00601521
681 0.00599866
682 0.00598226
683 0.00596601
684 0.00594991
685 0.00593395
686 0.00591814
687 0.00590247
688 0.00588693
689 0.00587153
690 0.00585624
691 0.00584108
692 0.00582603
693 0.0058111
694 0.00579626
695 0.00578153
696 0.00576689
697 0.00575234
698 0.00573787
699 0.00572347
700 0.00570914
701 0.00569487
702 0.00568066
703 0.00566649
704 0.00565237
705 0.00563828
706 0.00562421
707 0.00561017
708 0.00559614
709 0.00558212
710 0.0055681
711 0.00555407
712 0.00554004
713 0.00552598
714 0.0055119
715 0.00549779
716 0.00548366
717 0.00546951
718 0.00545535
719 0.00544119
720 0.00542703
721 0.00541287
722 0.00539872
723 0.00538457
724 0.00537043
725 0.00535629
726 0.00534217
727 0.00532805
728 0.00531395
729 0.00529986
730 0.00528579
731 0.00527173
732 0.00525768
733 0.00524365
734 0.00522964
735 0.00521564
736 0.00520165
737 0.00518769
738 0.00517374
739 0.0051598
740 0.00514589
741 0.00513199
742 0.00511811
743 0.00510425
744 0.00509041
745 0.00507658
746 0.00506278
747 0.005049
748 0.00503523
749 0.00502149
750 0.00500776
751 0.00499406
752 0.00498037
753 0.00496671
754 0.00495307
755 0.00493945
756 0.00492585
757 0.00491227
758 0.00489871
759 0.00488518
760 0.00487166
761 0.00485817
762 0.00484469
763 0.00483124
764 0.00481781
765 0.0048044
766 0.00479101
767 0.00477765
768 0.0047643
769 0.00475097
770 0.00473766
771 0.00472438
772 0.00471111
773 0.00469786
774 0.00468463
775 0.00467142
776 0.00465822
777 0.00464505
778 0.00463189
779 0.00461876
780 0.00460564
781 0.00459253
782 0.00457944
783 0.00456637
784 0.00455332
785 0.00454028
786 0.00452726
787 0.00451426
788 0.00450127
789 0.00448829
790 0.00447533
791 0.00446238
792 0.00444945
793 0.00443654
794 0.00442363
795 0.00441074
796 0.00439787
797 0.00438501
798 0.00437216
799 0.00435933
800 0.0043465
801 0.0043337
802 0.0043209
803 0.00430811
804 0.00429534
805 0.00428258
806 0.00426983
807 0.0042571
808 0.00424437
809 0.00423165
810 0.00421895
811 0.00420626
812 0.00419357
813 0.0041809
814 0.00416824
815 0.00415558
816 0.00414294
817 0.00413031
818 0.00411768
819 0.00410507
820 0.00409246
821 0.00407987
822 0.00406728
823 0.00405471
824 0.00404214
825 0.00402958
826 0.00401703
827 0.00400449
828 0.00399196
829 0.00397943
830 0.00396692
831 0.00395441
832 0.00394191
833 0.00392942
834 0.00391694
835 0.00390447
836 0.003892
837 0.00387954
838 0.0038671
839 0.00385466
840 0.00384222
841 0.0038298
842 0.00381738
843 0.00380498
844 0.00379258
845 0.00378019
846 0.00376781
847 0.00375543
848 0.00374307
849 0.00373071
850 0.00371836
851 0.00370602
852 0.00369369
853 0.00368137
854 0.00366905
855 0.00365675
856 0.00364445
857 0.00363216
858 0.00361989
859 0.00360762
860 0.00359536
861 0.00358311
862 0.00357087
863 0.00355863
864 0.00354641
865 0.0035342
866 0.003522
867 0.0035098
868 0.00349762
869 0.00348545
870 0.00347329
871 0.00346113
872 0.00344899
873 0.00343686
874 0.00342474
875 0.00341263
876 0.00340053
877 0.00338844
878 0.00337636
879 0.00336429
880 0.00335224
881 0.00334019
882 0.00332816
883 0.00331614
884 0.00330413
885 0.00329213
886 0.00328014
887 0.00326816
888 0.0032562
889 0.00324424
890 0.0032323
891 0.00322037
892 0.00320845
893 0.00319655
894 0.00318465
895 0.00317277
896 0.0031609
897 0.00314905
898 0.0031372
899 0.00312537
900 0.00311355
901 0.00310174
902 0.00308995
903 0.00307817
904 0.0030664
905 0.00305465
906 0.00304291
907 0.00303118
908 0.00301947
909 0.00300776
910 0.00299608
911 0.0029844
912 0.00297274
913 0.0029611
914 0.00294947
915 0.00293785
916 0.00292625
917 0.00291466
918 0.00290309
919 0.00289153
920 0.00287999
921 0.00286846
922 0.00285694
923 0.00284545
924 0.00283396
925 0.0028225
926 0.00281105
927 0.00279961
928 0.00278819
929 0.00277679
930 0.00276541
931 0.00275404
932 0.00274269
933 0.00273135
934 0.00272004
935 0.00270874
936 0.00269746
937 0.00268619
938 0.00267495
939 0.00266372
940 0.00265252
941 0.00264133
942 0.00263016
943 0.00261901
944 0.00260788
945 0.00259677
946 0.00258568
947 0.0025746
948 0.00256356
949 0.00255253
950 0.00254152
951 0.00253053
952 0.00251957
953 0.00250862
954 0.0024977
955 0.0024868
956 0.00247593
957 0.00246508
958 0.00245425
959 0.00244344
960 0.00243266
961 0.0024219
962 0.00241116
963 0.00240045
964 0.00238977
965 0.00237911
966 0.00236848
967 0.00235787
968 0.00234729
969 0.00233673
970 0.0023262
971 0.0023157
972 0.00230523
973 0.00229478
974 0.00228436
975 0.00227398
976 0.00226362
977 0.00225328
978 0.00224298
979 0.00223271
980 0.00222247
981 0.00221226
982 0.00220208
983 0.00219193
984 0.00218181
985 0.00217173
986 0.00216167
987 0.00215165
988 0.00214167
989 0.00213171
990 0.00212179
991 0.00211191
992 0.00210205
993 0.00209224
994 0.00208245
995 0.00207271
996 0.002063
997 0.00205332
998 0.00204368
999 0.00203408
1000 0.00202451
1001 0.00201499
1002 0.0020055
1003 0.00199604
1004 0.00198663
1005 0.00197726
1006 0.00196792
1007 0.00195862
1008 0.00194937
1009 0.00194015
1010 0.00193097
1011 0.00192184
1012 0.00191274
1013 0.00190369
1014 0.00189468
1015 0.00188571
1016 0.00187678
1017 0.0018679
1018 0.00185905
1019 0.00185025
1020 0.0018415
1021 0.00183279
1022 0.00182412
1023 0.00181549
1024 0.00180691
1025 0.00179838
1026 0.00178989
1027 0.00178144
1028 0.00177304
1029 0.00176468
1030 0.00175637
1031 0.00174811
1032 0.00173989
1033 0.00173172
1034 0.00172359
1035 0.00171551
1036 0.00170748
1037 0.00169949
1038 0.00169155
1039 0.00168365
1040 0.0016758
1041 0.001668
1042 0.00166024
1043 0.00165253
1044 0.00164487
1045 0.00163725
1046 0.00162968
1047 0.00162216
1048 0.00161469
1049 0.00160726
1050 0.00159987
1051 0.00159254
1052 0.00158525
1053 0.001578
1054 0.0015708
1055 0.00156365
1056 0.00155655
1057 0.00154949
1058 0.00154247
1059 0.0015355
1060 0.00152858
1061 0.0015217
1062 0.00151487
1063 0.00150808
1064 0.00150134
1065 0.00149464
1066 0.00148798
1067 0.00148137
1068 0.0014748
1069 0.00146828
1070 0.0014618
1071 0.00145536
1072 0.00144897
1073 0.00144262
1074 0.00143631
1075 0.00143005
1076 0.00142383
1077 0.00141766
1078 0.00141153
1079 0.00140544
1080 0.0013994
1081 0.0013934
1082 0.00138744
1083 0.00138153
1084 0.00137566
1085 0.00136984
1086 0.00136405
1087 0.00135831
1088 0.00135261
1089 0.00134695
1090 0.00134133
1091 0.00133575
1092 0.00133021
1093 0.00132471
1094 0.00131925
1095 0.00131383
1096 0.00130845
1097 0.00130311
1098 0.0012978
1099 0.00129254
1100 0.00128731
1101 0.00128211
1102 0.00127696
1103 0.00127184
1104 0.00126675
1105 0.00126171
1106 0.00125669
1107 0.00125172
1108 0.00124677
1109 0.00124186
1110 0.00123699
1111 0.00123215
1112 0.00122734
1113 0.00122256
1114 0.00121781
1115 0.0012131
1116 0.00120842
1117 0.00120377
1118 0.00119915
1119 0.00119456
1120 0.00119
1121 0.00118546
1122 0.00118096
1123 0.00117649
1124 0.00117205
1125 0.00116763
1126 0.00116324
1127 0.00115888
1128 0.00115455
1129 0.00115024
1130 0.00114596
1131 0.00114171
1132 0.00113748
1133 0.00113328
1134 0.00112911
1135 0.00112496
1136 0.00112083
1137 0.00111673
1138 0.00111266
1139 0.0011086
1140 0.00110458
1141 0.00110058
1142 0.0010966
1143 0.00109265
1144 0.00108872
1145 0.00108481
1146 0.00108093
1147 0.00107707
1148 0.00107323
1149 0.00106942
1150 0.00106563
1151 0.00106186
1152 0.00105812
1153 0.00105439
1154 0.00105069
1155 0.00104701
1156 0.00104336
1157 0.00103972
1158 0.00103611
1159 0.00103252
1160 0.00102895
1161 0.00102541
1162 0.00102188
1163 0.00101838
1164 0.0010149
1165 0.00101144
1166 0.001008
1167 0.00100458
1168 0.00100118
1169 0.000997808
1170 0.000994455
1171 0.000991122
1172 0.000987811
1173 0.00098452
1174 0.000981251
1175 0.000978002
1176 0.000974775
1177 0.000971568
1178 0.000968382
1179 0.000965216
1180 0.000962071
1181 0.000958946
1182 0.000955842
1183 0.000952758
1184 0.000949694
1185 0.00094665
1186 0.000943627
1187 0.000940623
1188 0.000937638
1189 0.000934674
1190 0.000931729
1191 0.000928803
1192 0.000925896
1193 0.000923009
1194 0.00092014
1195 0.00091729
1196 0.000914459
1197 0.000911647
1198 0.000908852
1199 0.000906076
1200 0.000903318
1201 0.000900578
1202 0.000897855
1203 0.00089515
1204 0.000892463
1205 0.000889793
1206 0.00088714
1207 0.000884503
1208 0.000881884
1209 0.000879281
1210 0.000876695
1211 0.000874125
1212 0.000871571
1213 0.000869034
1214 0.000866512
1215 0.000864005
1216 0.000861515
1217 0.000859039
1218 0.000856579
1219 0.000854134
1220 0.000851704
1221 0.000849289
1222 0.000846888
1223 0.000844502
1224 0.00084213
1225 0.000839772
1226 0.000837429
1227 0.000835099
1228 0.000832783
1229 0.00083048
1230 0.000828191
1231 0.000825915
1232 0.000823653
1233 0.000821403
1234 0.000819166
1235 0.000816942
1236 0.00081473
1237 0.00081253
1238 0.000810343
1239 0.000808168
1240 0.000806005
1241 0.000803853
1242 0.000801713
1243 0.000799584
1244 0.000797466
1245 0.00079536
1246 0.000793264
1247 0.00079118
1248 0.000789105
1249 0.000787042
1250 0.000784988
1251 0.000782945
1252 0.000780911
1253 0.000778888
1254 0.000776874
1255 0.00077487
1256 0.000772875
1257 0.000770889
1258 0.000768912
1259 0.000766945
1260 0.000764986
1261 0.000763036
1262 0.000761094
1263 0.00075916
1264 0.000757235
1265 0.000755318
1266 0.000753409
1267 0.000751507
1268 0.000749613
1269 0.000747727
1270 0.000745848
1271 0.000743976
1272 0.000742111
1273 0.000740253
1274 0.000738402
1275 0.000736558
1276 0.000734721
1277 0.00073289
1278 0.000731065
1279 0.000729247
1280 0.000727434
1281 0.000725628
1282 0.000723828
1283 0.000722033
1284 0.000720245
1285 0.000718462
1286 0.000716684
1287 0.000714912
1288 0.000713145
1289 0.000711383
1290 0.000709626
1291 0.000707875
1292 0.000706128
1293 0.000704387
1294 0.00070265
1295 0.000700917
1296 0.00069919
1297 0.000697466
1298 0.000695748
1299 0.000694034
1300 0.000692324
1301 0.000690618
1302 0.000688917
1303 0.000687219
1304 0.000685526
1305 0.000683837
1306 0.000682152
1307 0.000680471
1308 0.000678794
1309 0.00067712
1310 0.000675451
1311 0.000673785
1312 0.000672122
1313 0.000670464
1314 0.000668808
1315 0.000667157
1316 0.000665508
1317 0.000663864
1318 0.000662222
1319 0.000660584
1320 0.000658949
1321 0.000657318
1322 0.00065569
1323 0.000654065
1324 0.000652443
1325 0.000650825
1326 0.000649209
1327 0.000647597
1328 0.000645988
1329 0.000644382
1330 0.000642779
1331 0.000641179
1332 0.000639582
1333 0.000637988
1334 0.000636397
1335 0.000634809
1336 0.000633224
1337 0.000631642
1338 0.000630063
1339 0.000628486
1340 0.000626913
1341 0.000625342
1342 0.000623774
1343 0.000622209
1344 0.000620646
1345 0.000619087
1346 0.00061753
1347 0.000615975
1348 0.000614424
1349 0.000612875
1350 0.000611328
1351 0.000609785
1352 0.000608243
1353 0.000606705
1354 0.000605169
1355 0.000603636
1356 0.000602105
1357 0.000600577
1358 0.000599052
1359 0.000597529
1360 0.000596009
1361 0.000594491
1362 0.000592976
1363 0.000591463
1364 0.000589954
1365 0.000588447
1366 0.000586942
1367 0.00058544
1368 0.000583941
1369 0.000582445
1370 0.000580951
1371 0.00057946
1372 0.000577972
1373 0.000576487
1374 0.000575005
1375 0.000573525
1376 0.000572049
1377 0.000570575
1378 0.000569105
1379 0.000567637
1380 0.000566173
1381 0.000564712
1382 0.000563254
1383 0.000561799
1384 0.000560348
1385 0.000558899
1386 0.000557454
1387 0.000556012
1388 0.000554574
1389 0.000553138
1390 0.000551706
1391 0.000550276
1392 0.00054885
1393 0.000547426
1394 0.000546006
1395 0.000544588
1396 0.000543173
1397 0.000541761
1398 0.000540351
1399 0.000538944
1400 0.00053754
1401 0.000536138
1402 0.000534739
1403 0.000533341
1404 0.000531947
1405 0.000530554
1406 0.000529164
1407 0.000527775
1408 0.000526389
1409 0.000525005
1410 0.000523623
1411 0.000522242
1412 0.000520864
1413 0.000519487
1414 0.000518112
1415 0.000516738
1416 0.000515366
1417 0.000513996
1418 0.000512627
1419 0.00051126
1420 0.000509894
1421 0.000508529
1422 0.000507166
1423 0.000505804
1424 0.000504444
1425 0.000503085
1426 0.000501727
1427 0.00050037
1428 0.000499014
1429 0.000497659
1430 0.000496306
1431 0.000494953
1432 0.000493602
1433 0.000492251
1434 0.000490902
1435 0.000489553
1436 0.000488206
1437 0.000486859
1438 0.000485514
1439 0.000484169
1440 0.000482825
1441 0.000481483
1442 0.000480142
1443 0.000478802
1444 0.000477463
1445 0.000476125
1446 0.000474788
1447 0.000473453
1448 0.000472119
1449 0.000470786
1450 0.000469455
1451 0.000468125
1452 0.000466797
1453 0.000465469
1454 0.000464144
1455 0.00046282
1456 0.000461497
1457 0.000460176
1458 0.000458856
1459 0.000457538
1460 0.000456221
1461 0.000454906
1462 0.000453592
1463 0.00045228
1464 0.00045097
1465 0.000449661
1466 0.000448354
1467 0.000447049
1468 0.000445745
1469 0.000444442
1470 0.000443142
1471 0.000441842
1472 0.000440545
1473 0.000439249
1474 0.000437954
1475 0.000436661
1476 0.00043537
1477 0.00043408
1478 0.000432792
1479 0.000431506
1480 0.000430221
1481 0.000428937
1482 0.000427655
1483 0.000426375
1484 0.000425096
1485 0.000423818
1486 0.000422542
1487 0.000421267
1488 0.000419994
1489 0.000418723
1490 0.000417452
1491 0.000416184
1492 0.000414916
1493 0.00041365
1494 0.000412386
1495 0.000411122
1496 0.00040986
1497 0.0004086
1498 0.00040734
1499 0.000406082
1500 0.000404826
1501 0.00040357
1502 0.000402316
1503 0.000401063
1504 0.000399811
1505 0.00039856
1506 0.000397311
1507 0.000396062
1508 0.000394815
1509 0.000393568
1510 0.000392323
1511 0.000391078
1512 0.000389835
1513 0.000388593
1514 0.000387351
1515 0.00038611
1516 0.000384871
1517 0.000383632
1518 0.000382394
1519 0.000381157
1520 0.00037992
1521 0.000378685
1522 0.00037745
1523 0.000376216
1524 0.000374983
1525 0.000373751
1526 0.00037252
1527 0.000371289
1528 0.00037006
1529 0.000368831
1530 0.000367603
1531 0.000366376
1532 0.000365149
1533 0.000363924
1534 0.000362699
1535 0.000361476
1536 0.000360253
1537 0.000359032
1538 0.000357811
1539 0.000356591
1540 0.000355372
1541 0.000354154
1542 0.000352938
1543 0.000351722
1544 0.000350507
1545 0.000349293
1546 0.000348081
1547 0.000346869
1548 0.000345659
1549 0.000344449
1550 0.000343241
1551 0.000342033
1552 0.000340827
1553 0.000339622
1554 0.000338418
1555 0.000337215
1556 0.000336013
1557 0.000334812
1558 0.000333613
1559 0.000332414
1560 0.000331217
1561 0.000330021
1562 0.000328826
1563 0.000327632
1564 0.000326439
1565 0.000325247
1566 0.000324057
1567 0.000322868
1568 0.00032168
1569 0.000320494
1570 0.000319308
1571 0.000318124
1572 0.000316941
1573 0.00031576
1574 0.000314579
1575 0.0003134
1576 0.000312223
1577 0.000311046
1578 0.000309871
1579 0.000308698
1580 0.000307526
1581 0.000306355
1582 0.000305186
1583 0.000304018
1584 0.000302851
1585 0.000301686
1586 0.000300523
1587 0.000299361
1588 0.000298201
1589 0.000297042
1590 0.000295885
1591 0.000294729
1592 0.000293576
1593 0.000292423
1594 0.000291273
1595 0.000290124
1596 0.000288977
1597 0.000287831
1598 0.000286687
1599 0.000285546
1600 0.000284405
1601 0.000283267
1602 0.000282131
1603 0.000280996
1604 0.000279864
1605 0.000278733
1606 0.000277604
1607 0.000276477
1608 0.000275352
1609 0.000274229
1610 0.000273109
1611 0.00027199
1612 0.000270873
1613 0.000269758
1614 0.000268645
1615 0.000267535
1616 0.000266426
1617 0.00026532
1618 0.000264216
1619 0.000263113
1620 0.000262013
1621 0.000260916
1622 0.00025982
1623 0.000258727
1624 0.000257636
1625 0.000256547
1626 0.00025546
1627 0.000254376
1628 0.000253294
1629 0.000252215
1630 0.000251138
1631 0.000250063
1632 0.000248991
1633 0.000247922
1634 0.000246854
1635 0.00024579
1636 0.000244728
1637 0.000243668
1638 0.000242611
1639 0.000241557
1640 0.000240505
1641 0.000239456
1642 0.000238409
1643 0.000237366
1644 0.000236325
1645 0.000235286
1646 0.000234251
1647 0.000233218
1648 0.000232188
1649 0.000231161
1650 0.000230137
1651 0.000229115
1652 0.000228097
1653 0.000227081
1654 0.000226069
1655 0.000225059
1656 0.000224052
1657 0.000223049
1658 0.000222048
1659 0.000221051
1660 0.000220056
1661 0.000219065
1662 0.000218077
1663 0.000217092
1664 0.00021611
1665 0.000215131
1666 0.000214156
1667 0.000213184
1668 0.000212215
1669 0.00021125
1670 0.000210288
1671 0.00020933
1672 0.000208374
1673 0.000207423
1674 0.000206475
1675 0.00020553
1676 0.000204589
1677 0.000203651
1678 0.000202717
1679 0.000201787
1680 0.000200861
1681 0.000199938
1682 0.000199019
1683 0.000198104
1684 0.000197192
1685 0.000196285
1686 0.000195381
1687 0.000194482
1688 0.000193586
1689 0.000192694
1690 0.000191807
1691 0.000190923
1692 0.000190044
1693 0.000189169
1694 0.000188298
1695 0.000187431
1696 0.000186569
1697 0.000185711
1698 0.000184858
1699 0.000184008
1700 0.000183164
1701 0.000182323
1702 0.000181488
1703 0.000180657
1704 0.00017983
1705 0.000179009
1706 0.000178191
1707 0.000177379
1708 0.000176572
1709 0.000175769
1710 0.000174971
1711 0.000174179
1712 0.000173391
1713 0.000172608
1714 0.00017183
1715 0.000171057
1716 0.00017029
1717 0.000169528
1718 0.00016877
1719 0.000168019
1720 0.000167272
1721 0.000166531
1722 0.000165795
1723 0.000165065
1724 0.00016434
1725 0.000163621
1726 0.000162907
1727 0.000162199
1728 0.000161497
1729 0.0001608
1730 0.00016011
1731 0.000159425
1732 0.000158745
1733 0.000158072
1734 0.000157404
1735 0.000156742
1736 0.000156087
1737 0.000155437
1738 0.000154792
1739 0.000154154
1740 0.000153522
1741 0.000152895
1742 0.000152275
1743 0.00015166
1744 0.00015105
1745 0.000150447
1746 0.000149849
1747 0.000149257
1748 0.000148671
1749 0.00014809
1750 0.000147514
1751 0.000146944
1752 0.000146379
1753 0.00014582
1754 0.000145265
1755 0.000144716
1756 0.000144171
1757 0.000143632
1758 0.000143097
1759 0.000142566
1760 0.000142041
1761 0.00014152
1762 0.000141003
1763 0.000140491
1764 0.000139982
1765 0.000139478
1766 0.000138978
1767 0.000138482
1768 0.000137989
1769 0.0001375
1770 0.000137015
1771 0.000136533
1772 0.000136055
1773 0.00013558
1774 0.000135108
1775 0.000134639
1776 0.000134173
1777 0.00013371
1778 0.00013325
1779 0.000132792
1780 0.000132337
1781 0.000131885
1782 0.000131435
1783 0.000130988
1784 0.000130543
1785 0.0001301
1786 0.000129659
1787 0.000129221
1788 0.000128784
1789 0.00012835
1790 0.000127918
1791 0.000127488
1792 0.00012706
1793 0.000126634
1794 0.00012621
1795 0.000125788
1796 0.000125368
1797 0.000124949
1798 0.000124533
1799 0.000124118
1800 0.000123704
1801 0.000123293
1802 0.000122883
1803 0.000122475
1804 0.000122069
1805 0.000121664
1806 0.000121261
1807 0.000120859
1808 0.000120459
1809 0.000120061
1810 0.000119664
1811 0.000119269
1812 0.000118875
1813 0.000118483
1814 0.000118093
1815 0.000117704
1816 0.000117316
1817 0.00011693
1818 0.000116545
1819 0.000116162
1820 0.00011578
1821 0.0001154
1822 0.000115021
1823 0.000114643
1824 0.000114267
1825 0.000113892
1826 0.000113518
1827 0.000113146
1828 0.000112775
1829 0.000112406
1830 0.000112038
1831 0.000111671
1832 0.000111305
1833 0.000110941
1834 0.000110578
1835 0.000110217
1836 0.000109857
1837 0.000109498
1838 0.00010914
1839 0.000108784
1840 0.000108429
1841 0.000108075
1842 0.000107723
1843 0.000107372
1844 0.000107022
1845 0.000106674
1846 0.000106327
1847 0.000105981
1848 0.000105637
1849 0.000105294
1850 0.000104952
1851 0.000104612
1852 0.000104273
1853 0.000103936
1854 0.0001036
1855 0.000103265
1856 0.000102932
1857 0.0001026
1858 0.00010227
1859 0.000101941
1860 0.000101613
1861 0.000101287
1862 0.000100962
1863 0.000100639
1864 0.000100317
1865 9.99964e-05
1866 9.96773e-05
1867 9.93598e-05
1868 9.90437e-05
1869 9.8729e-05
1870 9.84157e-05
1871 9.8104e-05
1872 9.77936e-05
1873 9.74847e-05
1874 9.71773e-05
1875 9.68713e-05
1876 9.65667e-05
1877 9.62636e-05
1878 9.59618e-05
1879 9.56615e-05
1880 9.53627e-05
1881 9.50652e-05
1882 9.47691e-05
1883 9.44745e-05
1884 9.41812e-05
1885 9.38893e-05
1886 9.35989e-05
1887 9.33097e-05
1888 9.3022e-05
1889 9.27356e-05
1890 9.24506e-05
1891 9.2167e-05
1892 9.18847e-05
1893 9.16037e-05
1894 9.1324e-05
1895 9.10457e-05
1896 9.07687e-05
1897 9.0493e-05
1898 9.02185e-05
1899 8.99454e-05
1900 8.96735e-05
1901 8.94029e-05
1902 8.91336e-05
1903 8.88655e-05
1904 8.85986e-05
1905 8.83329e-05
1906 8.80685e-05
1907 8.78053e-05
1908 8.75432e-05
1909 8.72823e-05
1910 8.70226e-05
1911 8.67641e-05
1912 8.65067e-05
1913 8.62504e-05
1914 8.59953e-05
1915 8.57412e-05
1916 8.54883e-05
1917 8.52364e-05
1918 8.49857e-05
1919 8.4736e-05
1920 8.44873e-05
1921 8.42397e-05
1922 8.39932e-05
1923 8.37476e-05
1924 8.35031e-05
1925 8.32596e-05
1926 8.30171e-05
1927 8.27755e-05
1928 8.2535e-05
1929 8.22954e-05
1930 8.20567e-05
1931 8.1819e-05
1932 8.15823e-05
1933 8.13464e-05
1934 8.11115e-05
1935 8.08775e-05
1936 8.06444e-05
1937 8.04122e-05
1938 8.01808e-05
1939 7.99504e-05
1940 7.97207e-05
1941 7.9492e-05
1942 7.92641e-05
1943 7.9037e-05
1944 7.88107e-05
1945 7.85853e-05
1946 7.83607e-05
1947 7.81369e-05
1948 7.79138e-05
1949 7.76916e-05
1950 7.74701e-05
1951 7.72494e-05
1952 7.70295e-05
1953 7.68103e-05
1954 7.65919e-05
1955 7.63742e-05
1956 7.61572e-05
1957 7.5941e-05
1958 7.57255e-05
1959 7.55107e-05
1960 7.52966e-05
1961 7.50832e-05
1962 7.48705e-05
1963 7.46585e-05
1964 7.44472e-05
1965 7.42365e-05
1966 7.40265e-05
1967 7.38172e-05
1968 7.36086e-05
1969 7.34005e-05
1970 7.31932e-05
1971 7.29865e-05
1972 7.27804e-05
1973 7.25749e-05
1974 7.23701e-05
1975 7.21659e-05
1976 7.19623e-05
1977 7.17593e-05
1978 7.15569e-05
1979 7.13552e-05
1980 7.1154e-05
1981 7.09534e-05
1982 7.07534e-05
1983 7.0554e-05
1984 7.03552e-05
1985 7.0157e-05
1986 6.99593e-05
1987 6.97622e-05
1988 6.95657e-05
1989 6.93697e-05
1990 6.91743e-05
1991 6.89795e-05
1992 6.87852e-05
1993 6.85915e-05
1994 6.83983e-05
1995 6.82057e-05
1996 6.80137e-05
1997 6.78221e-05
1998 6.76312e-05
1999 6.74407e-05
2000 6.72509e-05
2001 6.70615e-05
2002 6.68727e-05
2003 6.66844e-05
2004 6.64967e-05
2005 6.63095e-05
2006 6.61228e-05
2007 6.59367e-05
2008 6.57511e-05
2009 6.5566e-05
2010 6.53814e-05
2011 6.51974e-05
2012 6.50139e-05
2013 6.48309e-05
2014 6.46485e-05
2015 6.44665e-05
2016 6.42851e-05
2017 6.41042e-05
2018 6.39238e-05
2019 6.3744e-05
2020 6.35646e-05
2021 6.33858e-05
2022 6.32075e-05
2023 6.30296e-05
2024 6.28523e-05
2025 6.26755e-05
2026 6.24992e-05
2027 6.23234e-05
2028 6.21481e-05
2029 6.19733e-05
2030 6.1799e-05
2031 6.16252e-05
2032 6.14519e-05
2033 6.12791e-05
2034 6.11068e-05
2035 6.0935e-05
2036 6.07637e-05
2037 6.05928e-05
2038 6.04225e-05
2039 6.02526e-05
2040 6.00832e-05
2041 5.99143e-05
2042 5.97459e-05
2043 5.95779e-05
2044 5.94104e-05
2045 5.92435e-05
2046 5.90769e-05
2047 5.89109e-05
2048 5.87453e-05
2049 5.85802e-05
2050 5.84156e-05
2051 5.82514e-05
2052 5.80877e-05
2053 5.79244e-05
2054 5.77616e-05
2055 5.75992e-05
2056 5.74373e-05
2057 5.72758e-05
2058 5.71148e-05
2059 5.69542e-05
2060 5.6794e-05
2061 5.66342e-05
2062 5.64749e-05
2063 5.6316e-05
2064 5.61575e-05
2065 5.59994e-05
2066 5.58417e-05
2067 5.56844e-05
2068 5.55275e-05
2069 5.5371e-05
2070 5.52149e-05
2071 5.50592e-05
2072 5.49038e-05
2073 5.47489e-05
2074 5.45943e-05
2075 5.44401e-05
2076 5.42863e-05
2077 5.41328e-05
2078 5.39797e-05
2079 5.3827e-05
2080 5.36747e-05
2081 5.35227e-05
2082 5.33712e-05
2083 5.32199e-05
2084 5.30691e-05
2085 5.29186e-05
2086 5.27685e-05
2087 5.26188e-05
2088 5.24694e-05
2089 5.23204e-05
2090 5.21718e-05
2091 5.20235e-05
2092 5.18756e-05
2093 5.17281e-05
2094 5.1581e-05
2095 5.14343e-05
2096 5.12879e-05
2097 5.11419e-05
2098 5.09963e-05
2099 5.08511e-05
2100 5.07063e-05
2101 5.05618e-05
2102 5.04178e-05
2103 5.02741e-05
2104 5.01308e-05
2105 4.99879e-05
2106 4.98454e-05
2107 4.97033e-05
2108 4.95616e-05
2109 4.94203e-05
2110 4.92794e-05
2111 4.91389e-05
2112 4.89988e-05
2113 4.88591e-05
2114 4.87198e-05
2115 4.85809e-05
2116 4.84424e-05
2117 4.83043e-05
2118 4.81666e-05
2119 4.80293e-05
2120 4.78924e-05
2121 4.77558e-05
2122 4.76197e-05
2123 4.7484e-05
2124 4.73486e-05
2125 4.72137e-05
2126 4.70791e-05
2127 4.69449e-05
2128 4.68111e-05
2129 4.66777e-05
2130 4.65447e-05
2131 4.6412e-05
2132 4.62798e-05
2133 4.61479e-05
2134 4.60164e-05
2135 4.58852e-05
2136 4.57544e-05
2137 4.56241e-05
2138 4.5494e-05
2139 4.53644e-05
2140 4.52351e-05
2141 4.51062e-05
2142 4.49776e-05
2143 4.48494e-05
2144 4.47216e-05
2145 4.45941e-05
2146 4.4467e-05
2147 4.43403e-05
2148 4.42139e-05
2149 4.40878e-05
2150 4.39621e-05
2151 4.38368e-05
2152 4.37118e-05
2153 4.35871e-05
2154 4.34628e-05
2155 4.33388e-05
2156 4.32152e-05
2157 4.30919e-05
2158 4.29689e-05
2159 4.28463e-05
2160 4.2724e-05
2161 4.26021e-05
2162 4.24804e-05
2163 4.23591e-05
2164 4.22381e-05
2165 4.21175e-05
2166 4.19971e-05
2167 4.18771e-05
2168 4.17574e-05
2169 4.1638e-05
2170 4.15189e-05
2171 4.14002e-05
2172 4.12817e-05
2173 4.11636e-05
2174 4.10457e-05
2175 4.09282e-05
2176 4.0811e-05
2177 4.06941e-05
2178 4.05774e-05
2179 4.04611e-05
2180 4.03451e-05
2181 4.02294e-05
2182 4.0114e-05
2183 3.99988e-05
2184 3.9884e-05
2185 3.97695e-05
2186 3.96552e-05
2187 3.95413e-05
2188 3.94276e-05
2189 3.93142e-05
2190 3.92011e-05
2191 3.90883e-05
2192 3.89758e-05
2193 3.88635e-05
2194 3.87516e-05
2195 3.86399e-05
2196 3.85285e-05
2197 3.84174e-05
2198 3.83065e-05
2199 3.8196e-05
2200 3.80857e-05
2201 3.79756e-05
2202 3.78659e-05
2203 3.77564e-05
2204 3.76472e-05
2205 3.75383e-05
2206 3.74296e-05
2207 3.73212e-05
2208 3.7213e-05
2209 3.71052e-05
2210 3.69976e-05
2211 3.68902e-05
2212 3.67831e-05
2213 3.66763e-05
2214 3.65697e-05
2215 3.64634e-05
2216 3.63574e-05
2217 3.62516e-05
2218 3.6146e-05
2219 3.60407e-05
2220 3.59357e-05
2221 3.58309e-05
2222 3.57264e-05
2223 3.56221e-05
2224 3.55181e-05
2225 3.54143e-05
2226 3.53108e-05
2227 3.52075e-05
2228 3.51045e-05
2229 3.50017e-05
2230 3.48991e-05
2231 3.47968e-05
2232 3.46948e-05
2233 3.4593e-05
2234 3.44914e-05
2235 3.439e-05
2236 3.42889e-05
2237 3.41881e-05
2238 3.40875e-05
2239 3.39871e-05
2240 3.38869e-05
2241 3.3787e-05
2242 3.36874e-05
2243 3.35879e-05
2244 3.34887e-05
2245 3.33897e-05
2246 3.3291e-05
2247 3.31925e-05
2248 3.30942e-05
2249 3.29961e-05
2250 3.28983e-05
2251 3.28007e-05
2252 3.27033e-05
2253 3.26062e-05
2254 3.25092e-05
2255 3.24126e-05
2256 3.23161e-05
2257 3.22198e-05
2258 3.21238e-05
2259 3.2028e-05
2260 3.19324e-05
2261 3.1837e-05
2262 3.17419e-05
2263 3.1647e-05
2264 3.15523e-05
2265 3.14578e-05
2266 3.13635e-05
2267 3.12694e-05
2268 3.11756e-05
2269 3.1082e-05
2270 3.09886e-05
2271 3.08954e-05
2272 3.08024e-05
2273 3.07097e-05
2274 3.06171e-05
2275 3.05248e-05
2276 3.04327e-05
2277 3.03407e-05
2278 3.0249e-05
2279 3.01576e-05
2280 3.00663e-05
2281 2.99752e-05
2282 2.98844e-05
2283 2.97937e-05
2284 2.97033e-05
2285 2.9613e-05
2286 2.9523e-05
2287 2.94332e-05
2288 2.93436e-05
2289 2.92542e-05
2290 2.9165e-05
2291 2.9076e-05
2292 2.89873e-05
2293 2.88987e-05
2294 2.88103e-05
2295 2.87221e-05
2296 2.86342e-05
2297 2.85464e-05
2298 2.84589e-05
2299 2.83715e-05
2300 2.82844e-05
2301 2.81974e-05
2302 2.81107e-05
2303 2.80242e-05
2304 2.79378e-05
2305 2.78517e-05
2306 2.77657e-05
2307 2.768e-05
2308 2.75945e-05
2309 2.75091e-05
2310 2.7424e-05
2311 2.7339e-05
2312 2.72543e-05
2313 2.71697e-05
2314 2.70854e-05
2315 2.70012e-05
2316 2.69173e-05
2317 2.68335e-05
2318 2.67499e-05
2319 2.66666e-05
2320 2.65834e-05
2321 2.65004e-05
2322 2.64176e-05
2323 2.6335e-05
2324 2.62526e-05
2325 2.61704e-05
2326 2.60884e-05
2327 2.60066e-05
2328 2.59249e-05
2329 2.58435e-05
2330 2.57622e-05
2331 2.56812e-05
2332 2.56003e-05
2333 2.55196e-05
2334 2.54391e-05
2335 2.53588e-05
2336 2.52787e-05
2337 2.51987e-05
2338 2.5119e-05
2339 2.50395e-05
2340 2.49601e-05
2341 2.48809e-05
2342 2.48019e-05
2343 2.47231e-05
2344 2.46445e-05
2345 2.45661e-05
2346 2.44878e-05
2347 2.44098e-05
2348 2.43319e-05
2349 2.42542e-05
2350 2.41767e-05
2351 2.40994e-05
2352 2.40223e-05
2353 2.39453e-05
2354 2.38686e-05
2355 2.3792e-05
2356 2.37156e-05
2357 2.36394e-05
2358 2.35634e-05
2359 2.34875e-05
2360 2.34119e-05
2361 2.33364e-05
2362 2.32611e-05
2363 2.3186e-05
2364 2.31111e-05
2365 2.30364e-05
2366 2.29618e-05
2367 2.28874e-05
2368 2.28132e-05
2369 2.27392e-05
2370 2.26654e-05
2371 2.25918e-05
2372 2.25183e-05
2373 2.2445e-05
2374 2.23719e-05
2375 2.2299e-05
2376 2.22263e-05
2377 2.21537e-05
2378 2.20814e-05
2379 2.20092e-05
2380 2.19372e-05
2381 2.18653e-05
2382 2.17937e-05
2383 2.17222e-05
2384 2.1651e-05
2385 2.15799e-05
2386 2.15089e-05
2387 2.14382e-05
2388 2.13676e-05
2389 2.12973e-05
2390 2.12271e-05
2391 2.11571e-05
2392 2.10872e-05
2393 2.10176e-05
2394 2.09481e-05
2395 2.08788e-05
2396 2.08097e-05
2397 2.07408e-05
2398 2.0672e-05
2399 2.06034e-05
2400 2.0535e-05
2401 2.04668e-05
2402 2.03988e-05
2403 2.03309e-05
2404 2.02633e-05
2405 2.01958e-05
2406 2.01284e-05
2407 2.00613e-05
2408 1.99943e-05
2409 1.99276e-05
2410 1.9861e-05
2411 1.97945e-05
2412 1.97283e-05
2413 1.96622e-05
2414 1.95963e-05
2415 1.95306e-05
2416 1.94651e-05
2417 1.93997e-05
2418 1.93346e-05
2419 1.92696e-05
2420 1.92047e-05
2421 1.91401e-05
2422 1.90756e-05
2423 1.90113e-05
2424 1.89472e-05
2425 1.88833e-05
2426 1.88195e-05
2427 1.8756e-05
2428 1.86926e-05
2429 1.86293e-05
2430 1.85663e-05
2431 1.85034e-05
2432 1.84407e-05
2433 1.83782e-05
2434 1.83159e-05
2435 1.82537e-05
2436 1.81917e-05
2437 1.81299e-05
2438 1.80683e-05
2439 1.80068e-05
2440 1.79455e-05
2441 1.78844e-05
2442 1.78235e-05
2443 1.77627e-05
2444 1.77021e-05
2445 1.76417e-05
2446 1.75815e-05
2447 1.75214e-05
2448 1.74616e-05
2449 1.74019e-05
2450 1.73423e-05
2451 1.7283e-05
2452 1.72238e-05
2453 1.71648e-05
2454 1.7106e-05
2455 1.70474e-05
2456 1.69889e-05
2457 1.69307e-05
2458 1.68726e-05
2459 1.68146e-05
2460 1.67569e-05
2461 1.66993e-05
2462 1.6642e-05
2463 1.65848e-05
2464 1.65277e-05
2465 1.64709e-05
2466 1.64142e-05
2467 1.63578e-05
2468 1.63015e-05
2469 1.62453e-05
2470 1.61894e-05
2471 1.61337e-05
2472 1.60781e-05
2473 1.60227e-05
2474 1.59675e-05
2475 1.59125e-05
2476 1.58576e-05
2477 1.5803e-05
2478 1.57485e-05
2479 1.56942e-05
2480 1.56401e-05
2481 1.55862e-05
2482 1.55324e-05
2483 1.54789e-05
2484 1.54255e-05
2485 1.53723e-05
2486 1.53193e-05
2487 1.52665e-05
2488 1.52139e-05
2489 1.51614e-05
2490 1.51092e-05
2491 1.50571e-05
2492 1.50052e-05
2493 1.49535e-05
2494 1.4902e-05
2495 1.48507e-05
2496 1.47995e-05
2497 1.47486e-05
2498 1.46978e-05
2499 1.46472e-05
2500 1.45969e-05
2501 1.45466e-05
2502 1.44966e-05
2503 1.44468e-05
2504 1.43972e-05
2505 1.43477e-05
2506 1.42984e-05
2507 1.42494e-05
2508 1.42005e-05
2509 1.41518e-05
2510 1.41033e-05
2511 1.40549e-05
2512 1.40068e-05
2513 1.39589e-05
2514 1.39111e-05
2515 1.38635e-05
2516 1.38161e-05
2517 1.37689e-05
2518 1.37219e-05
2519 1.36751e-05
2520 1.36285e-05
2521 1.3582e-05
2522 1.35358e-05
2523 1.34897e-05
2524 1.34438e-05
2525 1.33981e-05
2526 1.33526e-05
2527 1.33072e-05
2528 1.32621e-05
2529 1.32171e-05
2530 1.31724e-05
2531 1.31278e-05
2532 1.30834e-05
2533 1.30392e-05
2534 1.29951e-05
2535 1.29513e-05
2536 1.29076e-05
2537 1.28641e-05
2538 1.28208e-05
2539 1.27777e-05
2540 1.27348e-05
2541 1.2692e-05
2542 1.26495e-05
2543 1.26071e-05
2544 1.25649e-05
2545 1.25228e-05
2546 1.2481e-05
2547 1.24393e-05
2548 1.23978e-05
2549 1.23565e-05
2550 1.23154e-05
2551 1.22744e-05
2552 1.22337e-05
2553 1.21931e-05
2554 1.21527e-05
2555 1.21124e-05
2556 1.20724e-05
2557 1.20325e-05
2558 1.19927e-05
2559 1.19532e-05
2560 1.19138e-05
2561 1.18747e-05
2562 1.18356e-05
2563 1.17968e-05
2564 1.17581e-05
2565 1.17196e-05
2566 1.16813e-05
2567 1.16431e-05
2568 1.16051e-05
2569 1.15673e-05
2570 1.15297e-05
2571 1.14922e-05
2572 1.14549e-05
2573 1.14177e-05
2574 1.13807e-05
2575 1.13439e-05
2576 1.13073e-05
2577 1.12708e-05
2578 1.12345e-05
2579 1.11983e-05
2580 1.11623e-05
2581 1.11265e-05
2582 1.10908e-05
2583 1.10553e-05
2584 1.10199e-05
2585 1.09847e-05
2586 1.09497e-05
2587 1.09148e-05
2588 1.08801e-05
2589 1.08456e-05
2590 1.08111e-05
2591 1.07769e-05
2592 1.07428e-05
2593 1.07089e-05
2594 1.06751e-05
2595 1.06414e-05
2596 1.0608e-05
2597 1.05746e-05
2598 1.05414e-05
2599 1.05084e-05
2600 1.04755e-05
2601 1.04428e-05
2602 1.04102e-05
2603 1.03777e-05
2604 1.03454e-05
2605 1.03133e-05
2606 1.02813e-05
2607 1.02494e-05
2608 1.02177e-05
2609 1.01861e-05
2610 1.01546e-05
2611 1.01233e-05
2612 1.00922e-05
2613 1.00611e-05
2614 1.00302e-05
2615 9.99948e-06
2616 9.96886e-06
2617 9.93837e-06
2618 9.90802e-06
2619 9.87779e-06
2620 9.8477e-06
2621 9.81774e-06
2622 9.78792e-06
2623 9.75821e-06
2624 9.72864e-06
2625 9.6992e-06
2626 9.66987e-06
2627 9.64068e-06
2628 9.61161e-06
2629 9.58266e-06
2630 9.55383e-06
2631 9.52513e-06
2632 9.49654e-06
2633 9.46808e-06
2634 9.43973e-06
2635 9.4115e-06
2636 9.38338e-06
2637 9.35538e-06
2638 9.32749e-06
2639 9.29972e-06
2640 9.27206e-06
2641 9.24451e-06
2642 9.21707e-06
2643 9.18974e-06
2644 9.16252e-06
2645 9.1354e-06
2646 9.1084e-06
2647 9.08149e-06
2648 9.0547e-06
2649 9.028e-06
2650 9.00141e-06
2651 8.97493e-06
2652 8.94854e-06
2653 8.92225e-06
2654 8.89607e-06
2655 8.86998e-06
2656 8.84399e-06
2657 8.8181e-06
2658 8.7923e-06
2659 8.7666e-06
2660 8.74099e-06
2661 8.71548e-06
2662 8.69006e-06
2663 8.66473e-06
2664 8.63949e-06
2665 8.61435e-06
2666 8.58929e-06
2667 8.56432e-06
2668 8.53944e-06
2669 8.51465e-06
2670 8.48994e-06
2671 8.46532e-06
2672 8.44078e-06
2673 8.41633e-06
2674 8.39196e-06
2675 8.36767e-06
2676 8.34346e-06
2677 8.31934e-06
2678 8.2953e-06
2679 8.27133e-06
2680 8.24744e-06
2681 8.22364e-06
2682 8.19991e-06
2683 8.17625e-06
2684 8.15268e-06
2685 8.12917e-06
2686 8.10575e-06
2687 8.08239e-06
2688 8.05912e-06
2689 8.03591e-06
2690 8.01278e-06
2691 7.98972e-06
2692 7.96673e-06
2693 7.94381e-06
2694 7.92096e-06
2695 7.89818e-06
2696 7.87546e-06
2697 7.85282e-06
2698 7.83025e-06
2699 7.80774e-06
2700 7.7853e-06
2701 7.76293e-06
2702 7.74062e-06
2703 7.71837e-06
2704 7.6962e-06
2705 7.67408e-06
2706 7.65203e-06
2707 7.63005e-06
2708 7.60812e-06
2709 7.58626e-06
2710 7.56446e-06
2711 7.54273e-06
2712 7.52105e-06
2713 7.49944e-06
2714 7.47788e-06
2715 7.45639e-06
2716 7.43495e-06
2717 7.41358e-06
2718 7.39226e-06
2719 7.371e-06
2720 7.3498e-06
2721 7.32866e-06
2722 7.30758e-06
2723 7.28655e-06
2724 7.26558e-06
2725 7.24467e-06
2726 7.22381e-06
2727 7.20301e-06
2728 7.18226e-06
2729 7.16157e-06
2730 7.14094e-06
2731 7.12036e-06
2732 7.09983e-06
2733 7.07936e-06
2734 7.05894e-06
2735 7.03857e-06
2736 7.01826e-06
2737 6.998e-06
2738 6.9778e-06
2739 6.95764e-06
2740 6.93754e-06
2741 6.91749e-06
2742 6.8975e-06
2743 6.87755e-06
2744 6.85766e-06
2745 6.83782e-06
2746 6.81802e-06
2747 6.79828e-06
2748 6.77859e-06
2749 6.75895e-06
2750 6.73936e-06
2751 6.71982e-06
2752 6.70033e-06
2753 6.68089e-06
2754 6.6615e-06
2755 6.64216e-06
2756 6.62287e-06
2757 6.60362e-06
2758 6.58443e-06
2759 6.56528e-06
2760 6.54618e-06
2761 6.52713e-06
2762 6.50812e-06
2763 6.48916e-06
2764 6.47025e-06
2765 6.45139e-06
2766 6.43257e-06
2767 6.4138e-06
2768 6.39508e-06
2769 6.3764e-06
2770 6.35777e-06
2771 6.33918e-06
2772 6.32064e-06
2773 6.30215e-06
2774 6.2837e-06
2775 6.26529e-06
2776 6.24693e-06
2777 6.22862e-06
2778 6.21034e-06
2779 6.19212e-06
2780 6.17393e-06
2781 6.1558e-06
2782 6.1377e-06
2783 6.11965e-06
2784 6.10164e-06
2785 6.08367e-06
2786 6.06575e-06
2787 6.04787e-06
2788 6.03003e-06
2789 6.01224e-06
2790 5.99449e-06
2791 5.97678e-06
2792 5.95911e-06
2793 5.94149e-06
2794 5.92391e-06
2795 5.90636e-06
2796 5.88887e-06
2797 5.87141e-06
2798 5.85399e-06
2799 5.83662e-06
2800 5.81929e-06
2801 5.80199e-06
2802 5.78474e-06
2803 5.76753e-06
2804 5.75037e-06
2805 5.73324e-06
2806 5.71615e-06
2807 5.69911e-06
2808 5.68211e-06
2809 5.66514e-06
2810 5.64822e-06
2811 5.63134e-06
2812 5.6145e-06
2813 5.5977e-06
2814 5.58094e-06
2815 5.56423e-06
2816 5.54755e-06
2817 5.53091e-06
2818 5.51432e-06
2819 5.49777e-06
2820 5.48125e-06
2821 5.46478e-06
2822 5.44835e-06
2823 5.43196e-06
2824 5.41561e-06
2825 5.3993e-06
2826 5.38303e-06
2827 5.3668e-06
2828 5.35061e-06
2829 5.33446e-06
2830 5.31836e-06
2831 5.30229e-06
2832 5.28626e-06
2833 5.27028e-06
2834 5.25433e-06
2835 5.23843e-06
2836 5.22257e-06
2837 5.20674e-06
2838 5.19096e-06
2839 5.17522e-06
2840 5.15952e-06
2841 5.14386e-06
2842 5.12824e-06
2843 5.11266e-06
2844 5.09712e-06
2845 5.08162e-06
2846 5.06616e-06
2847 5.05074e-06
2848 5.03536e-06
2849 5.02002e-06
2850 5.00472e-06
2851 4.98946e-06
2852 4.97424e-06
2853 4.95907e-06
2854 4.94393e-06
2855 4.92883e-06
2856 4.91376e-06
2857 4.89874e-06
2858 4.88376e-06
2859 4.86882e-06
2860 4.85392e-06
2861 4.83905e-06
2862 4.82423e-06
2863 4.80944e-06
2864 4.7947e-06
2865 4.77999e-06
2866 4.76532e-06
2867 4.75069e-06
2868 4.7361e-06
2869 4.72155e-06
2870 4.70703e-06
2871 4.69256e-06
2872 4.67812e-06
2873 4.66372e-06
2874 4.64936e-06
2875 4.63504e-06
2876 4.62075e-06
2877 4.60651e-06
2878 4.5923e-06
2879 4.57813e-06
2880 4.564e-06
2881 4.5499e-06
2882 4.53584e-06
2883 4.52182e-06
2884 4.50784e-06
2885 4.49389e-06
2886 4.47999e-06
2887 4.46612e-06
2888 4.45228e-06
2889 4.43849e-06
2890 4.42473e-06
2891 4.411e-06
2892 4.39732e-06
2893 4.38367e-06
2894 4.37006e-06
2895 4.35648e-06
2896 4.34294e-06
2897 4.32944e-06
2898 4.31598e-06
2899 4.30255e-06
2900 4.28915e-06
2901 4.2758e-06
2902 4.26248e-06
2903 4.24919e-06
2904 4.23594e-06
2905 4.22273e-06
2906 4.20955e-06
2907 4.19641e-06
2908 4.1833e-06
2909 4.17023e-06
2910 4.1572e-06
2911 4.1442e-06
2912 4.13123e-06
2913 4.1183e-06
2914 4.1054e-06
2915 4.09254e-06
2916 4.07972e-06
2917 4.06692e-06
2918 4.05417e-06
2919 4.04144e-06
2920 4.02875e-06
2921 4.0161e-06
2922 4.00347e-06
2923 3.99089e-06
2924 3.97833e-06
2925 3.96581e-06
2926 3.95332e-06
2927 3.94086e-06
2928 3.92844e-06
2929 3.91605e-06
2930 3.9037e-06
2931 3.89137e-06
2932 3.87908e-06
2933 3.86682e-06
2934 3.85459e-06
2935 3.8424e-06
2936 3.83023e-06
2937 3.8181e-06
2938 3.806e-06
2939 3.79393e-06
2940 3.78189e-06
2941 3.76989e-06
2942 3.75791e-06
2943 3.74597e-06
2944 3.73406e-06
2945 3.72218e-06
2946 3.71033e-06
2947 3.69851e-06
2948 3.68672e-06
2949 3.67496e-06
2950 3.66323e-06
2951 3.65154e-06
2952 3.63987e-06
2953 3.62824e-06
2954 3.61663e-06
2955 3.60506e-06
2956 3.59351e-06
2957 3.582e-06
2958 3.57052e-06
2959 3.55906e-06
2960 3.54764e-06
2961 3.53625e-06
2962 3.52488e-06
2963 3.51355e-06
2964 3.50225e-06
2965 3.49098e-06
2966 3.47974e-06
2967 3.46852e-06
2968 3.45734e-06
2969 3.44619e-06
2970 3.43507e-06
2971 3.42398e-06
2972 3.41292e-06
2973 3.40189e-06
2974 3.39088e-06
2975 3.37991e-06
2976 3.36897e-06
2977 3.35806e-06
2978 3.34718e-06
2979 3.33632e-06
2980 3.3255e-06
2981 3.31471e-06
2982 3.30394e-06
2983 3.29321e-06
2984 3.28251e-06
2985 3.27183e-06
2986 3.26118e-06
2987 3.25057e-06
2988 3.23998e-06
2989 3.22942e-06
2990 3.21889e-06
2991 3.20839e-06
2992 3.19792e-06
2993 3.18748e-06
2994 3.17707e-06
2995 3.16669e-06
2996 3.15633e-06
2997 3.14601e-06
2998 3.13571e-06
2999 3.12544e-06
3000 3.1152e-06
3001 3.10499e-06
3002 3.09481e-06
3003 3.08466e-06
3004 3.07453e-06
3005 3.06444e-06
3006 3.05437e-06
3007 3.04433e-06
3008 3.03432e-06
3009 3.02434e-06
3010 3.01439e-06
3011 3.00447e-06
3012 2.99458e-06
3013 2.98471e-06
3014 2.97488e-06
3015 2.96507e-06
3016 2.95529e-06
3017 2.94554e-06
3018 2.93582e-06
3019 2.92613e-06
3020 2.91646e-06
3021 2.90683e-06
3022 2.89722e-06
3023 2.88765e-06
3024 2.8781e-06
3025 2.86858e-06
3026 2.85909e-06
3027 2.84963e-06
3028 2.8402e-06
3029 2.8308e-06
3030 2.82142e-06
3031 2.81208e-06
3032 2.80276e-06
3033 2.79348e-06
3034 2.78422e-06
3035 2.77499e-06
3036 2.76579e-06
3037 2.75662e-06
3038 2.74749e-06
3039 2.73838e-06
3040 2.72929e-06
3041 2.72024e-06
3042 2.71122e-06
3043 2.70223e-06
3044 2.69327e-06
3045 2.68433e-06
3046 2.67543e-06
3047 2.66656e-06
3048 2.65771e-06
3049 2.6489e-06
3050 2.64011e-06
3051 2.63136e-06
3052 2.62263e-06
3053 2.61394e-06
3054 2.60527e-06
3055 2.59664e-06
3056 2.58803e-06
3057 2.57946e-06
3058 2.57091e-06
3059 2.5624e-06
3060 2.55391e-06
3061 2.54546e-06
3062 2.53703e-06
3063 2.52864e-06
3064 2.52027e-06
3065 2.51194e-06
3066 2.50363e-06
3067 2.49536e-06
3068 2.48711e-06
3069 2.4789e-06
3070 2.47072e-06
3071 2.46256e-06
3072 2.45444e-06
3073 2.44634e-06
3074 2.43828e-06
3075 2.43024e-06
3076 2.42224e-06
3077 2.41427e-06
3078 2.40632e-06
3079 2.39841e-06
3080 2.39052e-06
3081 2.38267e-06
3082 2.37484e-06
3083 2.36705e-06
3084 2.35928e-06
3085 2.35154e-06
3086 2.34384e-06
3087 2.33616e-06
3088 2.32851e-06
3089 2.32089e-06
3090 2.3133e-06
3091 2.30574e-06
3092 2.29821e-06
3093 2.29071e-06
3094 2.28324e-06
3095 2.27579e-06
3096 2.26838e-06
3097 2.26099e-06
3098 2.25364e-06
3099 2.24631e-06
3100 2.23901e-06
3101 2.23174e-06
3102 2.22449e-06
3103 2.21728e-06
3104 2.21009e-06
3105 2.20293e-06
3106 2.1958e-06
3107 2.1887e-06
3108 2.18163e-06
3109 2.17458e-06
3110 2.16756e-06
3111 2.16057e-06
3112 2.15361e-06
3113 2.14667e-06
3114 2.13977e-06
3115 2.13289e-06
3116 2.12603e-06
3117 2.1192e-06
3118 2.1124e-06
3119 2.10563e-06
3120 2.09888e-06
3121 2.09216e-06
3122 2.08547e-06
3123 2.0788e-06
3124 2.07216e-06
3125 2.06555e-06
3126 2.05896e-06
3127 2.05239e-06
3128 2.04585e-06
3129 2.03934e-06
3130 2.03285e-06
3131 2.02639e-06
3132 2.01995e-06
3133 2.01354e-06
3134 2.00715e-06
3135 2.00079e-06
3136 1.99445e-06
3137 1.98813e-06
3138 1.98184e-06
3139 1.97557e-06
3140 1.96933e-06
3141 1.96311e-06
3142 1.95691e-06
3143 1.95073e-06
3144 1.94458e-06
3145 1.93845e-06
3146 1.93234e-06
3147 1.92626e-06
3148 1.92019e-06
3149 1.91415e-06
3150 1.90813e-06
3151 1.90213e-06
3152 1.89615e-06
3153 1.8902e-06
3154 1.88426e-06
3155 1.87835e-06
3156 1.87245e-06
3157 1.86658e-06
3158 1.86073e-06
3159 1.85489e-06
3160 1.84908e-06
3161 1.84329e-06
3162 1.83751e-06
3163 1.83176e-06
3164 1.82603e-06
3165 1.82031e-06
3166 1.81462e-06
3167 1.80894e-06
3168 1.80329e-06
3169 1.79765e-06
3170 1.79203e-06
3171 1.78643e-06
3172 1.78085e-06
3173 1.77529e-06
3174 1.76974e-06
3175 1.76421e-06
3176 1.75871e-06
3177 1.75322e-06
3178 1.74774e-06
3179 1.74229e-06
3180 1.73685e-06
3181 1.73143e-06
3182 1.72603e-06
3183 1.72064e-06
3184 1.71527e-06
3185 1.70992e-06
3186 1.70459e-06
3187 1.69927e-06
3188 1.69397e-06
3189 1.68868e-06
3190 1.68341e-06
3191 1.67816e-06
3192 1.67292e-06
3193 1.6677e-06
3194 1.66249e-06
3195 1.6573e-06
3196 1.65213e-06
3197 1.64697e-06
3198 1.64183e-06
3199 1.6367e-06
3200 1.63159e-06
3201 1.62649e-06
3202 1.6214e-06
3203 1.61634e-06
3204 1.61128e-06
3205 1.60625e-06
3206 1.60122e-06
3207 1.59621e-06
3208 1.59122e-06
3209 1.58624e-06
3210 1.58128e-06
3211 1.57633e-06
3212 1.57139e-06
3213 1.56647e-06
3214 1.56157e-06
3215 1.55667e-06
3216 1.5518e-06
3217 1.54693e-06
3218 1.54209e-06
3219 1.53725e-06
3220 1.53243e-06
3221 1.52762e-06
3222 1.52283e-06
3223 1.51805e-06
3224 1.51329e-06
3225 1.50854e-06
3226 1.5038e-06
3227 1.49908e-06
3228 1.49437e-06
3229 1.48968e-06
3230 1.485e-06
3231 1.48033e-06
3232 1.47568e-06
3233 1.47104e-06
3234 1.46641e-06
3235 1.4618e-06
3236 1.4572e-06
3237 1.45261e-06
3238 1.44804e-06
3239 1.44349e-06
3240 1.43894e-06
3241 1.43441e-06
3242 1.4299e-06
3243 1.42539e-06
3244 1.4209e-06
3245 1.41643e-06
3246 1.41197e-06
3247 1.40752e-06
3248 1.40309e-06
3249 1.39866e-06
3250 1.39426e-06
3251 1.38986e-06
3252 1.38548e-06
3253 1.38112e-06
3254 1.37677e-06
3255 1.37243e-06
3256 1.3681e-06
3257 1.36379e-06
3258 1.35949e-06
3259 1.35521e-06
3260 1.35094e-06
3261 1.34668e-06
3262 1.34244e-06
3263 1.3382e-06
3264 1.33399e-06
3265 1.32978e-06
3266 1.32559e-06
3267 1.32142e-06
3268 1.31725e-06
3269 1.3131e-06
3270 1.30897e-06
3271 1.30484e-06
3272 1.30073e-06
3273 1.29663e-06
3274 1.29255e-06
3275 1.28848e-06
3276 1.28442e-06
3277 1.28038e-06
3278 1.27635e-06
3279 1.27233e-06
3280 1.26832e-06
3281 1.26433e-06
3282 1.26035e-06
3283 1.25638e-06
3284 1.25243e-06
3285 1.24849e-06
3286 1.24456e-06
3287 1.24065e-06
3288 1.23674e-06
3289 1.23285e-06
3290 1.22898e-06
3291 1.22511e-06
3292 1.22126e-06
3293 1.21743e-06
3294 1.2136e-06
3295 1.20979e-06
3296 1.20599e-06
3297 1.2022e-06
3298 1.19843e-06
3299 1.19467e-06
3300 1.19092e-06
3301 1.18718e-06
3302 1.18346e-06
3303 1.17975e-06
3304 1.17605e-06
3305 1.17236e-06
3306 1.16869e-06
3307 1.16503e-06
3308 1.16138e-06
3309 1.15774e-06
3310 1.15412e-06
3311 1.1505e-06
3312 1.1469e-06
3313 1.14332e-06
3314 1.13974e-06
3315 1.13618e-06
3316 1.13263e-06
3317 1.12909e-06
3318 1.12556e-06
3319 1.12204e-06
3320 1.11854e-06
3321 1.11505e-06
3322 1.11157e-06
3323 1.1081e-06
3324 1.10464e-06
3325 1.1012e-06
3326 1.09776e-06
3327 1.09434e-06
3328 1.09093e-06
3329 1.08753e-06
3330 1.08415e-06
3331 1.08077e-06
3332 1.0774e-06
3333 1.07405e-06
3334 1.07071e-06
3335 1.06738e-06
3336 1.06406e-06
3337 1.06075e-06
3338 1.05745e-06
3339 1.05416e-06
3340 1.05089e-06
3341 1.04762e-06
3342 1.04437e-06
3343 1.04112e-06
3344 1.03789e-06
3345 1.03467e-06
3346 1.03145e-06
3347 1.02825e-06
3348 1.02506e-06
3349 1.02188e-06
3350 1.01871e-06
3351 1.01555e-06
3352 1.0124e-06
3353 1.00926e-06
3354 1.00613e-06
3355 1.00301e-06
3356 9.99895e-07
3357 9.96795e-07
3358 9.93704e-07
3359 9.90624e-07
3360 9.87553e-07
3361 9.84491e-07
3362 9.8144e-07
3363 9.78398e-07
3364 9.75366e-07
3365 9.72343e-07
3366 9.6933e-07
3367 9.66326e-07
3368 9.63332e-07
3369 9.60347e-07
3370 9.57371e-07
3371 9.54405e-07
3372 9.51447e-07
3373 9.48499e-07
3374 9.45561e-07
3375 9.42631e-07
3376 9.3971e-07
3377 9.36799e-07
3378 9.33896e-07
3379 9.31003e-07
3380 9.28118e-07
3381 9.25242e-07
3382 9.22375e-07
3383 9.19517e-07
3384 9.16668e-07
3385 9.13827e-07
3386 9.10995e-07
3387 9.08172e-07
3388 9.05357e-07
3389 9.02551e-07
3390 8.99753e-07
3391 8.96964e-07
3392 8.94184e-07
3393 8.91412e-07
3394 8.88648e-07
3395 8.85893e-07
3396 8.83146e-07
3397 8.80408e-07
3398 8.77678e-07
3399 8.74956e-07
3400 8.72242e-07
3401 8.69537e-07
3402 8.66839e-07
3403 8.6415e-07
3404 8.61469e-07
3405 8.58797e-07
3406 8.56132e-07
3407 8.53475e-07
3408 8.50827e-07
3409 8.48186e-07
3410 8.45554e-07
3411 8.42929e-07
3412 8.40312e-07
3413 8.37703e-07
3414 8.35103e-07
3415 8.3251e-07
3416 8.29925e-07
3417 8.27347e-07
3418 8.24778e-07
3419 8.22216e-07
3420 8.19662e-07
3421 8.17116e-07
3422 8.14578e-07
3423 8.12047e-07
3424 8.09524e-07
3425 8.07009e-07
3426 8.04501e-07
3427 8.02001e-07
3428 7.99509e-07
3429 7.97024e-07
3430 7.94546e-07
3431 7.92077e-07
3432 7.89614e-07
3433 7.8716e-07
3434 7.84712e-07
3435 7.82273e-07
3436 7.7984e-07
3437 7.77415e-07
3438 7.74998e-07
3439 7.72588e-07
3440 7.70185e-07
3441 7.6779e-07
3442 7.65402e-07
3443 7.63021e-07
3444 7.60648e-07
3445 7.58282e-07
3446 7.55923e-07
3447 7.53572e-07
3448 7.51228e-07
3449 7.48891e-07
3450 7.46561e-07
3451 7.44239e-07
3452 7.41923e-07
3453 7.39615e-07
3454 7.37314e-07
3455 7.3502e-07
3456 7.32734e-07
3457 7.30454e-07
3458 7.28182e-07
3459 7.25916e-07
3460 7.23658e-07
3461 7.21406e-07
3462 7.19162e-07
3463 7.16925e-07
3464 7.14695e-07
3465 7.12471e-07
3466 7.10255e-07
3467 7.08045e-07
3468 7.05843e-07
3469 7.03647e-07
3470 7.01459e-07
3471 6.99277e-07
3472 6.97102e-07
3473 6.94934e-07
3474 6.92772e-07
3475 6.90618e-07
3476 6.8847e-07
3477 6.86329e-07
3478 6.84195e-07
3479 6.82068e-07
3480 6.79947e-07
3481 6.77833e-07
3482 6.75726e-07
3483 6.73625e-07
3484 6.71531e-07
3485 6.69444e-07
3486 6.67363e-07
3487 6.65289e-07
3488 6.63221e-07
3489 6.6116e-07
3490 6.59105e-07
3491 6.57057e-07
3492 6.55016e-07
3493 6.52981e-07
3494 6.50952e-07
3495 6.4893e-07
3496 6.46914e-07
3497 6.44905e-07
3498 6.42902e-07
3499 6.40905e-07
3500 6.38914e-07
3501 6.3693e-07
3502 6.34953e-07
3503 6.32981e-07
3504 6.31016e-07
3505 6.29057e-07
3506 6.27104e-07
3507 6.25157e-07
3508 6.23216e-07
3509 6.21282e-07
3510 6.19354e-07
3511 6.17431e-07
3512 6.15515e-07
3513 6.13605e-07
3514 6.11701e-07
3515 6.09803e-07
3516 6.07911e-07
3517 6.06025e-07
3518 6.04145e-07
3519 6.0227e-07
3520 6.00402e-07
3521 5.98539e-07
3522 5.96683e-07
3523 5.94832e-07
3524 5.92987e-07
3525 5.91148e-07
3526 5.89314e-07
3527 5.87486e-07
3528 5.85664e-07
3529 5.83848e-07
3530 5.82038e-07
3531 5.80233e-07
3532 5.78433e-07
3533 5.7664e-07
3534 5.74852e-07
3535 5.73069e-07
3536 5.71293e-07
3537 5.69521e-07
3538 5.67756e-07
3539 5.65995e-07
3540 5.64241e-07
3541 5.62492e-07
3542 5.60748e-07
3543 5.5901e-07
3544 5.57277e-07
3545 5.5555e-07
3546 5.53828e-07
3547 5.52111e-07
3548 5.504e-07
3549 5.48694e-07
3550 5.46993e-07
3551 5.45298e-07
3552 5.43608e-07
3553 5.41924e-07
3554 5.40244e-07
3555 5.3857e-07
3556 5.36902e-07
3557 5.35238e-07
3558 5.3358e-07
3559 5.31926e-07
3560 5.30278e-07
3561 5.28636e-07
3562 5.26998e-07
3563 5.25365e-07
3564 5.23738e-07
3565 5.22115e-07
3566 5.20498e-07
3567 5.18886e-07
3568 5.17279e-07
3569 5.15677e-07
3570 5.1408e-07
3571 5.12488e-07
3572 5.109e-07
3573 5.09318e-07
3574 5.07741e-07
3575 5.06169e-07
3576 5.04602e-07
3577 5.03039e-07
3578 5.01482e-07
3579 4.99929e-07
3580 4.98381e-07
3581 4.96839e-07
3582 4.95301e-07
3583 4.93767e-07
3584 4.92239e-07
3585 4.90715e-07
3586 4.89197e-07
3587 4.87683e-07
3588 4.86173e-07
3589 4.84669e-07
3590 4.83169e-07
3591 4.81674e-07
3592 4.80184e-07
3593 4.78698e-07
3594 4.77217e-07
3595 4.7574e-07
3596 4.74269e-07
3597 4.72802e-07
3598 4.71339e-07
3599 4.69881e-07
3600 4.68428e-07
3601 4.66979e-07
3602 4.65535e-07
3603 4.64095e-07
3604 4.6266e-07
3605 4.6123e-07
3606 4.59804e-07
3607 4.58382e-07
3608 4.56965e-07
3609 4.55552e-07
3610 4.54144e-07
3611 4.5274e-07
3612 4.51341e-07
3613 4.49946e-07
3614 4.48556e-07
3615 4.47169e-07
3616 4.45788e-07
3617 4.4441e-07
3618 4.43037e-07
3619 4.41668e-07
3620 4.40304e-07
3621 4.38944e-07
3622 4.37588e-07
3623 4.36237e-07
3624 4.34889e-07
3625 4.33546e-07
3626 4.32208e-07
3627 4.30873e-07
3628 4.29543e-07
3629 4.28217e-07
3630 4.26895e-07
3631 4.25577e-07
3632 4.24264e-07
3633 4.22954e-07
3634 4.21649e-07
3635 4.20348e-07
3636 4.19051e-07
3637 4.17758e-07
3638 4.16469e-07
3639 4.15184e-07
3640 4.13904e-07
3641 4.12627e-07
3642 4.11355e-07
3643 4.10086e-07
3644 4.08822e-07
3645 4.07561e-07
3646 4.06304e-07
3647 4.05052e-07
3648 4.03803e-07
3649 4.02559e-07
3650 4.01318e-07
3651 4.00081e-07
3652 3.98848e-07
3653 3.97619e-07
3654 3.96394e-07
3655 3.95173e-07
3656 3.93956e-07
3657 3.92742e-07
3658 3.91533e-07
3659 3.90327e-07
3660 3.89125e-07
3661 3.87927e-07
3662 3.86732e-07
3663 3.85541e-07
3664 3.84355e-07
3665 3.83171e-07
3666 3.81992e-07
3667 3.80816e-07
3668 3.79644e-07
3669 3.78476e-07
3670 3.77311e-07
3671 3.7615e-07
3672 3.74993e-07
3673 3.7384e-07
3674 3.7269e-07
3675 3.71543e-07
3676 3.704e-07
3677 3.69261e-07
3678 3.68126e-07
3679 3.66994e-07
3680 3.65865e-07
3681 3.6474e-07
3682 3.63619e-07
3683 3.62501e-07
3684 3.61387e-07
3685 3.60276e-07
3686 3.59168e-07
3687 3.58064e-07
3688 3.56964e-07
3689 3.55867e-07
3690 3.54773e-07
3691 3.53683e-07
3692 3.52596e-07
3693 3.51513e-07
3694 3.50433e-07
3695 3.49356e-07
3696 3.48283e-07
3697 3.47213e-07
3698 3.46146e-07
3699 3.45083e-07
3700 3.44023e-07
3701 3.42966e-07
3702 3.41913e-07
3703 3.40863e-07
3704 3.39816e-07
3705 3.38772e-07
3706 3.37731e-07
3707 3.36694e-07
3708 3.3566e-07
3709 3.34629e-07
3710 3.33602e-07
3711 3.32577e-07
3712 3.31556e-07
3713 3.30537e-07
3714 3.29522e-07
3715 3.2851e-07
3716 3.27501e-07
3717 3.26496e-07
3718 3.25493e-07
3719 3.24493e-07
3720 3.23497e-07
3721 3.22503e-07
3722 3.21513e-07
3723 3.20525e-07
3724 3.19541e-07
3725 3.18559e-07
3726 3.17581e-07
3727 3.16605e-07
3728 3.15632e-07
3729 3.14663e-07
3730 3.13696e-07
3731 3.12732e-07
3732 3.11771e-07
3733 3.10813e-07
3734 3.09858e-07
3735 3.08906e-07
3736 3.07957e-07
3737 3.0701e-07
3738 3.06067e-07
3739 3.05126e-07
3740 3.04188e-07
3741 3.03253e-07
3742 3.0232e-07
3743 3.01391e-07
3744 3.00464e-07
3745 2.9954e-07
3746 2.98619e-07
3747 2.977e-07
3748 2.96784e-07
3749 2.95871e-07
3750 2.94961e-07
3751 2.94053e-07
3752 2.93148e-07
3753 2.92246e-07
3754 2.91346e-07
3755 2.90449e-07
3756 2.89555e-07
3757 2.88663e-07
3758 2.87774e-07
3759 2.86887e-07
3760 2.86003e-07
3761 2.85122e-07
3762 2.84243e-07
3763 2.83367e-07
3764 2.82494e-07
3765 2.81623e-07
3766 2.80754e-07
3767 2.79888e-07
3768 2.79025e-07
3769 2.78164e-07
3770 2.77306e-07
3771 2.7645e-07
3772 2.75596e-07
3773 2.74746e-07
3774 2.73897e-07
3775 2.73051e-07
3776 2.72208e-07
3777 2.71366e-07
3778 2.70528e-07
3779 2.69692e-07
3780 2.68858e-07
3781 2.68026e-07
3782 2.67197e-07
3783 2.66371e-07
3784 2.65546e-07
3785 2.64725e-07
3786 2.63905e-07
3787 2.63088e-07
3788 2.62273e-07
3789 2.61461e-07
3790 2.6065e-07
3791 2.59843e-07
3792 2.59037e-07
3793 2.58234e-07
3794 2.57433e-07
3795 2.56634e-07
3796 2.55838e-07
3797 2.55044e-07
3798 2.54252e-07
3799 2.53463e-07
3800 2.52675e-07
3801 2.5189e-07
3802 2.51108e-07
3803 2.50327e-07
3804 2.49549e-07
3805 2.48773e-07
3806 2.47999e-07
3807 2.47227e-07
3808 2.46458e-07
3809 2.4569e-07
3810 2.44925e-07
3811 2.44162e-07
3812 2.43402e-07
3813 2.42643e-07
3814 2.41887e-07
3815 2.41133e-07
3816 2.4038e-07
3817 2.39631e-07
3818 2.38883e-07
3819 2.38137e-07
3820 2.37394e-07
3821 2.36652e-07
3822 2.35913e-07
3823 2.35176e-07
3824 2.34441e-07
3825 2.33708e-07
3826 2.32977e-07
3827 2.32248e-07
3828 2.31522e-07
3829 2.30797e-07
3830 2.30075e-07
3831 2.29354e-07
3832 2.28636e-07
3833 2.2792e-07
3834 2.27206e-07
3835 2.26493e-07
3836 2.25783e-07
3837 2.25075e-07
3838 2.24369e-07
3839 2.23665e-07
3840 2.22963e-07
3841 2.22264e-07
3842 2.21566e-07
3843 2.2087e-07
3844 2.20176e-07
3845 2.19484e-07
3846 2.18794e-07
3847 2.18106e-07
3848 2.17421e-07
3849 2.16737e-07
3850 2.16055e-07
3851 2.15375e-07
3852 2.14697e-07
3853 2.14021e-07
3854 2.13347e-07
3855 2.12675e-07
3856 2.12005e-07
3857 2.11337e-07
3858 2.10671e-07
3859 2.10007e-07
3860 2.09344e-07
3861 2.08684e-07
3862 2.08026e-07
3863 2.07369e-07
3864 2.06715e-07
3865 2.06062e-07
3866 2.05411e-07
3867 2.04763e-07
3868 2.04116e-07
3869 2.03471e-07
3870 2.02828e-07
3871 2.02187e-07
3872 2.01547e-07
3873 2.0091e-07
3874 2.00274e-07
3875 1.99641e-07
3876 1.99009e-07
3877 1.98379e-07
3878 1.97751e-07
3879 1.97125e-07
3880 1.96501e-07
3881 1.95879e-07
3882 1.95258e-07
3883 1.94639e-07
3884 1.94023e-07
3885 1.93408e-07
3886 1.92795e-07
3887 1.92183e-07
3888 1.91574e-07
3889 1.90966e-07
3890 1.90361e-07
3891 1.89757e-07
3892 1.89155e-07
3893 1.88555e-07
3894 1.87956e-07
3895 1.8736e-07
3896 1.86765e-07
3897 1.86172e-07
3898 1.85581e-07
3899 1.84992e-07
3900 1.84404e-07
3901 1.83818e-07
3902 1.83235e-07
3903 1.82652e-07
3904 1.82072e-07
3905 1.81494e-07
3906 1.80917e-07
3907 1.80342e-07
3908 1.79769e-07
3909 1.79198e-07
3910 1.78628e-07
3911 1.78061e-07
3912 1.77495e-07
3913 1.7693e-07
3914 1.76368e-07
3915 1.75807e-07
3916 1.75249e-07
3917 1.74692e-07
3918 1.74136e-07
3919 1.73583e-07
3920 1.73031e-07
3921 1.72481e-07
3922 1.71933e-07
3923 1.71386e-07
3924 1.70841e-07
3925 1.70298e-07
3926 1.69757e-07
3927 1.69218e-07
3928 1.6868e-07
3929 1.68144e-07
3930 1.6761e-07
3931 1.67077e-07
3932 1.66546e-07
3933 1.66017e-07
3934 1.6549e-07
3935 1.64964e-07
3936 1.6444e-07
3937 1.63918e-07
3938 1.63398e-07
3939 1.62879e-07
3940 1.62362e-07
3941 1.61847e-07
3942 1.61333e-07
3943 1.60821e-07
3944 1.60311e-07
3945 1.59803e-07
3946 1.59296e-07
3947 1.58791e-07
3948 1.58287e-07
3949 1.57786e-07
3950 1.57286e-07
3951 1.56787e-07
3952 1.56291e-07
3953 1.55796e-07
3954 1.55302e-07
3955 1.54811e-07
3956 1.54321e-07
3957 1.53832e-07
3958 1.53346e-07
3959 1.52861e-07
3960 1.52377e-07
3961 1.51896e-07
3962 1.51416e-07
3963 1.50937e-07
3964 1.5046e-07
3965 1.49985e-07
3966 1.49512e-07
3967 1.4904e-07
3968 1.4857e-07
3969 1.48101e-07
3970 1.47634e-07
3971 1.47168e-07
3972 1.46705e-07
3973 1.46242e-07
3974 1.45782e-07
3975 1.45323e-07
3976 1.44865e-07
3977 1.44409e-07
3978 1.43955e-07
3979 1.43502e-07
3980 1.43051e-07
3981 1.42602e-07
3982 1.42153e-07
3983 1.41707e-07
3984 1.41262e-07
3985 1.40819e-07
3986 1.40377e-07
3987 1.39936e-07
3988 1.39498e-07
3989 1.3906e-07
3990 1.38625e-07
3991 1.3819e-07
3992 1.37758e-07
3993 1.37326e-07
3994 1.36897e-07
3995 1.36468e-07
3996 1.36042e-07
3997 1.35616e-07
3998 1.35193e-07
3999 1.3477e-07
4000 1.3435e-07
4001 1.3393e-07
4002 1.33512e-07
4003 1.33096e-07
4004 1.32681e-07
4005 1.32267e-07
4006 1.31855e-07
4007 1.31444e-07
4008 1.31035e-07
4009 1.30627e-07
4010 1.30221e-07
4011 1.29815e-07
4012 1.29412e-07
4013 1.2901e-07
4014 1.28609e-07
4015 1.28209e-07
4016 1.27811e-07
4017 1.27414e-07
4018 1.27019e-07
4019 1.26625e-07
4020 1.26232e-07
4021 1.25841e-07
4022 1.25451e-07
4023 1.25062e-07
4024 1.24675e-07
4025 1.24289e-07
4026 1.23904e-07
4027 1.23521e-07
4028 1.23139e-07
4029 1.22758e-07
4030 1.22379e-07
4031 1.22001e-07
4032 1.21624e-07
4033 1.21248e-07
4034 1.20874e-07
4035 1.20501e-07
4036 1.20129e-07
4037 1.19759e-07
4038 1.1939e-07
4039 1.19022e-07
4040 1.18655e-07
4041 1.18289e-07
4042 1.17925e-07
4043 1.17562e-07
4044 1.172e-07
4045 1.1684e-07
4046 1.1648e-07
4047 1.16122e-07
4048 1.15765e-07
4049 1.15409e-07
4050 1.15054e-07
4051 1.14701e-07
4052 1.14349e-07
4053 1.13997e-07
4054 1.13647e-07
4055 1.13299e-07
4056 1.12951e-07
4057 1.12604e-07
4058 1.12259e-07
4059 1.11915e-07
4060 1.11571e-07
4061 1.11229e-07
4062 1.10889e-07
4063 1.10549e-07
4064 1.1021e-07
4065 1.09872e-07
4066 1.09536e-07
4067 1.092e-07
4068 1.08866e-07
4069 1.08533e-07
4070 1.082e-07
4071 1.07869e-07
4072 1.07539e-07
4073 1.0721e-07
4074 1.06882e-07
4075 1.06555e-07
4076 1.06229e-07
4077 1.05904e-07
4078 1.0558e-07
4079 1.05257e-07
4080 1.04936e-07
4081 1.04615e-07
4082 1.04295e-07
4083 1.03976e-07
4084 1.03658e-07
4085 1.03341e-07
4086 1.03026e-07
4087 1.02711e-07
4088 1.02397e-07
4089 1.02084e-07
4090 1.01772e-07
4091 1.01461e-07
4092 1.01151e-07
4093 1.00842e-07
4094 1.00534e-07
4095 1.00226e-07
4096 9.99201e-08
4097 9.96147e-08
4098 9.93103e-08
4099 9.90068e-08
4100 9.87043e-08
4101 9.84027e-08
4102 9.81019e-08
4103 9.78021e-08
4104 9.75032e-08
4105 9.72052e-08
4106 9.69081e-08
4107 9.66119e-08
4108 9.63166e-08
4109 9.60222e-08
4110 9.57286e-08
4111 9.5436e-08
4112 9.51442e-08
4113 9.48532e-08
4114 9.45632e-08
4115 9.4274e-08
4116 9.39857e-08
4117 9.36982e-08
4118 9.34116e-08
4119 9.31258e-08
4120 9.28409e-08
4121 9.25568e-08
4122 9.22736e-08
4123 9.19912e-08
4124 9.17096e-08
4125 9.14289e-08
4126 9.11489e-08
4127 9.08699e-08
4128 9.05916e-08
4129 9.03141e-08
4130 9.00375e-08
4131 8.97617e-08
4132 8.94867e-08
4133 8.92124e-08
4134 8.8939e-08
4135 8.86664e-08
4136 8.83946e-08
4137 8.81236e-08
4138 8.78534e-08
4139 8.75839e-08
4140 8.73153e-08
4141 8.70474e-08
4142 8.67804e-08
4143 8.65141e-08
4144 8.62485e-08
4145 8.59838e-08
4146 8.57198e-08
4147 8.54566e-08
4148 8.51942e-08
4149 8.49325e-08
4150 8.46716e-08
4151 8.44115e-08
4152 8.41521e-08
4153 8.38934e-08
4154 8.36356e-08
4155 8.33785e-08
4156 8.31221e-08
4157 8.28665e-08
4158 8.26116e-08
4159 8.23575e-08
4160 8.21042e-08
4161 8.18515e-08
4162 8.15996e-08
4163 8.13485e-08
4164 8.10981e-08
4165 8.08484e-08
4166 8.05995e-08
4167 8.03513e-08
4168 8.01038e-08
4169 7.98571e-08
4170 7.96111e-08
4171 7.93658e-08
4172 7.91212e-08
4173 7.88774e-08
4174 7.86343e-08
4175 7.83919e-08
4176 7.81503e-08
4177 7.79093e-08
4178 7.76691e-08
4179 7.74296e-08
4180 7.71908e-08
4181 7.69527e-08
4182 7.67153e-08
4183 7.64786e-08
4184 7.62426e-08
4185 7.60074e-08
4186 7.57728e-08
4187 7.5539e-08
4188 7.53058e-08
4189 7.50734e-08
4190 7.48416e-08
4191 7.46106e-08
4192 7.43802e-08
4193 7.41506e-08
4194 7.39216e-08
4195 7.36933e-08
4196 7.34657e-08
4197 7.32388e-08
4198 7.30126e-08
4199 7.27871e-08
4200 7.25622e-08
4201 7.2338e-08
4202 7.21145e-08
4203 7.18917e-08
4204 7.16696e-08
4205 7.14481e-08
4206 7.12273e-08
4207 7.10072e-08
4208 7.07877e-08
4209 7.0569e-08
4210 7.03508e-08
4211 7.01334e-08
4212 6.99166e-08
4213 6.97005e-08
4214 6.9485e-08
4215 6.92702e-08
4216 6.9056e-08
4217 6.88425e-08
4218 6.86297e-08
4219 6.84175e-08
4220 6.82059e-08
4221 6.7995e-08
4222 6.77848e-08
4223 6.75751e-08
4224 6.73662e-08
4225 6.71578e-08
4226 6.69501e-08
4227 6.6743e-08
4228 6.65366e-08
4229 6.63308e-08
4230 6.61256e-08
4231 6.59211e-08
4232 6.57171e-08
4233 6.55138e-08
4234 6.53111e-08
4235 6.51091e-08
4236 6.49076e-08
4237 6.47068e-08
4238 6.45066e-08
4239 6.4307e-08
4240 6.4108e-08
4241 6.39096e-08
4242 6.37118e-08
4243 6.35147e-08
4244 6.33181e-08
4245 6.31221e-08
4246 6.29268e-08
4247 6.2732e-08
4248 6.25378e-08
4249 6.23442e-08
4250 6.21513e-08
4251 6.19589e-08
4252 6.17671e-08
4253 6.15758e-08
4254 6.13852e-08
4255 6.11952e-08
4256 6.10057e-08
4257 6.08168e-08
4258 6.06285e-08
4259 6.04408e-08
4260 6.02537e-08
4261 6.00671e-08
4262 5.98811e-08
4263 5.96957e-08
4264 5.95109e-08
4265 5.93266e-08
4266 5.91429e-08
4267 5.89597e-08
4268 5.87771e-08
4269 5.85951e-08
4270 5.84136e-08
4271 5.82327e-08
4272 5.80524e-08
4273 5.78726e-08
4274 5.76934e-08
4275 5.75147e-08
4276 5.73366e-08
4277 5.7159e-08
4278 5.6982e-08
4279 5.68055e-08
4280 5.66295e-08
4281 5.64542e-08
4282 5.62793e-08
4283 5.6105e-08
4284 5.59312e-08
4285 5.5758e-08
4286 5.55853e-08
4287 5.54131e-08
4288 5.52415e-08
4289 5.50703e-08
4290 5.48998e-08
4291 5.47297e-08
4292 5.45602e-08
4293 5.43912e-08
4294 5.42227e-08
4295 5.40547e-08
4296 5.38872e-08
4297 5.37203e-08
4298 5.35539e-08
4299 5.3388e-08
4300 5.32226e-08
4301 5.30577e-08
4302 5.28933e-08
4303 5.27294e-08
4304 5.2566e-08
4305 5.24031e-08
4306 5.22407e-08
4307 5.20788e-08
4308 5.19174e-08
4309 5.17565e-08
4310 5.15961e-08
4311 5.14361e-08
4312 5.12767e-08
4313 5.11177e-08
4314 5.09592e-08
4315 5.08012e-08
4316 5.06437e-08
4317 5.04866e-08
4318 5.03301e-08
4319 5.0174e-08
4320 5.00183e-08
4321 4.98632e-08
4322 4.97085e-08
4323 4.95542e-08
4324 4.94005e-08
4325 4.92472e-08
4326 4.90943e-08
4327 4.89419e-08
4328 4.879e-08
4329 4.86385e-08
4330 4.84875e-08
4331 4.83369e-08
4332 4.81868e-08
4333 4.80372e-08
4334 4.78879e-08
4335 4.77392e-08
4336 4.75908e-08
4337 4.74429e-08
4338 4.72955e-08
4339 4.71485e-08
4340 4.70019e-08
4341 4.68558e-08
4342 4.67101e-08
4343 4.65649e-08
4344 4.642e-08
4345 4.62756e-08
4346 4.61317e-08
4347 4.59881e-08
4348 4.5845e-08
4349 4.57023e-08
4350 4.55601e-08
4351 4.54182e-08
4352 4.52768e-08
4353 4.51358e-08
4354 4.49953e-08
4355 4.48551e-08
4356 4.47154e-08
4357 4.45761e-08
4358 4.44372e-08
4359 4.42987e-08
4360 4.41606e-08
4361 4.40229e-08
4362 4.38857e-08
4363 4.37488e-08
4364 4.36124e-08
4365 4.34763e-08
4366 4.33407e-08
4367 4.32055e-08
4368 4.30707e-08
4369 4.29363e-08
4370 4.28022e-08
4371 4.26686e-08
4372 4.25354e-08
4373 4.24026e-08
4374 4.22702e-08
4375 4.21381e-08
4376 4.20065e-08
4377 4.18753e-08
4378 4.17444e-08
4379 4.1614e-08
4380 4.14839e-08
4381 4.13542e-08
4382 4.12249e-08
4383 4.10961e-08
4384 4.09675e-08
4385 4.08394e-08
4386 4.07117e-08
4387 4.05843e-08
4388 4.04574e-08
4389 4.03308e-08
4390 4.02046e-08
4391 4.00787e-08
4392 3.99533e-08
4393 3.98282e-08
4394 3.97035e-08
4395 3.95792e-08
4396 3.94553e-08
4397 3.93317e-08
4398 3.92085e-08
4399 3.90857e-08
4400 3.89633e-08
4401 3.88412e-08
4402 3.87195e-08
4403 3.85982e-08
4404 3.84772e-08
4405 3.83566e-08
4406 3.82364e-08
4407 3.81165e-08
4408 3.7997e-08
4409 3.78779e-08
4410 3.77591e-08
4411 3.76407e-08
4412 3.75227e-08
4413 3.7405e-08
4414 3.72877e-08
4415 3.71708e-08
4416 3.70542e-08
4417 3.69379e-08
4418 3.68221e-08
4419 3.67065e-08
4420 3.65914e-08
4421 3.64766e-08
4422 3.63621e-08
4423 3.6248e-08
4424 3.61343e-08
4425 3.60209e-08
4426 3.59078e-08
4427 3.57951e-08
4428 3.56827e-08
4429 3.55707e-08
4430 3.54591e-08
4431 3.53478e-08
4432 3.52368e-08
4433 3.51262e-08
4434 3.50159e-08
4435 3.4906e-08
4436 3.47964e-08
4437 3.46871e-08
4438 3.45782e-08
4439 3.44696e-08
4440 3.43614e-08
4441 3.42535e-08
4442 3.41459e-08
4443 3.40387e-08
4444 3.39318e-08
4445 3.38252e-08
4446 3.3719e-08
4447 3.36131e-08
4448 3.35075e-08
4449 3.34023e-08
4450 3.32974e-08
4451 3.31928e-08
4452 3.30886e-08
4453 3.29847e-08
4454 3.28811e-08
4455 3.27779e-08
4456 3.26749e-08
4457 3.25723e-08
4458 3.247e-08
4459 3.23681e-08
4460 3.22665e-08
4461 3.21652e-08
4462 3.20642e-08
4463 3.19635e-08
4464 3.18632e-08
4465 3.17632e-08
4466 3.16635e-08
4467 3.15641e-08
4468 3.1465e-08
4469 3.13663e-08
4470 3.12679e-08
4471 3.11698e-08
4472 3.1072e-08
4473 3.09745e-08
4474 3.08773e-08
4475 3.07805e-08
4476 3.06839e-08
4477 3.05877e-08
4478 3.04918e-08
4479 3.03962e-08
4480 3.03009e-08
4481 3.02059e-08
4482 3.01112e-08
4483 3.00169e-08
4484 2.99228e-08
4485 2.9829e-08
4486 2.97356e-08
4487 2.96424e-08
4488 2.95496e-08
4489 2.94571e-08
4490 2.93648e-08
4491 2.92729e-08
4492 2.91813e-08
4493 2.90899e-08
4494 2.89989e-08
4495 2.89082e-08
4496 2.88177e-08
4497 2.87276e-08
4498 2.86377e-08
4499 2.85482e-08
4500 2.84589e-08
4501 2.837e-08
4502 2.82813e-08
4503 2.81929e-08
4504 2.81048e-08
4505 2.8017e-08
4506 2.79295e-08
4507 2.78423e-08
4508 2.77554e-08
4509 2.76687e-08
4510 2.75824e-08
4511 2.74963e-08
4512 2.74105e-08
4513 2.7325e-08
4514 2.72398e-08
4515 2.71548e-08
4516 2.70702e-08
4517 2.69858e-08
4518 2.69017e-08
4519 2.68179e-08
4520 2.67343e-08
4521 2.6651e-08
4522 2.65681e-08
4523 2.64853e-08
4524 2.64029e-08
4525 2.63207e-08
4526 2.62388e-08
4527 2.61572e-08
4528 2.60758e-08
4529 2.59947e-08
4530 2.59139e-08
4531 2.58333e-08
4532 2.5753e-08
4533 2.5673e-08
4534 2.55932e-08
4535 2.55137e-08
4536 2.54345e-08
4537 2.53555e-08
4538 2.52768e-08
4539 2.51984e-08
4540 2.51202e-08
4541 2.50422e-08
4542 2.49645e-08
4543 2.48871e-08
4544 2.481e-08
4545 2.4733e-08
4546 2.46564e-08
4547 2.458e-08
4548 2.45038e-08
4549 2.44279e-08
4550 2.43522e-08
4551 2.42768e-08
4552 2.42017e-08
4553 2.41268e-08
4554 2.40521e-08
4555 2.39777e-08
4556 2.39035e-08
4557 2.38295e-08
4558 2.37558e-08
4559 2.36824e-08
4560 2.36092e-08
4561 2.35362e-08
4562 2.34634e-08
4563 2.33909e-08
4564 2.33186e-08
4565 2.32466e-08
4566 2.31748e-08
4567 2.31032e-08
4568 2.30319e-08
4569 2.29608e-08
4570 2.28899e-08
4571 2.28192e-08
4572 2.27488e-08
4573 2.26786e-08
4574 2.26086e-08
4575 2.25388e-08
4576 2.24693e-08
4577 2.24e-08
4578 2.23309e-08
4579 2.2262e-08
4580 2.21934e-08
4581 2.21249e-08
4582 2.20567e-08
4583 2.19887e-08
4584 2.19209e-08
4585 2.18533e-08
4586 2.1786e-08
4587 2.17188e-08
4588 2.16519e-08
4589 2.15851e-08
4590 2.15186e-08
4591 2.14523e-08
4592 2.13862e-08
4593 2.13203e-08
4594 2.12546e-08
4595 2.11891e-08
4596 2.11239e-08
4597 2.10588e-08
4598 2.09939e-08
4599 2.09292e-08
4600 2.08648e-08
4601 2.08005e-08
4602 2.07364e-08
4603 2.06725e-08
4604 2.06089e-08
4605 2.05454e-08
4606 2.04821e-08
4607 2.0419e-08
4608 2.03561e-08
4609 2.02934e-08
4610 2.02309e-08
4611 2.01686e-08
4612 2.01064e-08
4613 2.00445e-08
4614 1.99828e-08
4615 1.99212e-08
4616 1.98598e-08
4617 1.97987e-08
4618 1.97377e-08
4619 1.96769e-08
4620 1.96162e-08
4621 1.95558e-08
4622 1.94955e-08
4623 1.94355e-08
4624 1.93756e-08
4625 1.93159e-08
4626 1.92564e-08
4627 1.9197e-08
4628 1.91379e-08
4629 1.90789e-08
4630 1.90201e-08
4631 1.89614e-08
4632 1.8903e-08
4633 1.88447e-08
4634 1.87866e-08
4635 1.87287e-08
4636 1.8671e-08
4637 1.86134e-08
4638 1.8556e-08
4639 1.84988e-08
4640 1.84417e-08
4641 1.83849e-08
4642 1.83282e-08
4643 1.82717e-08
4644 1.82153e-08
4645 1.81591e-08
4646 1.81031e-08
4647 1.80473e-08
4648 1.79916e-08
4649 1.79361e-08
4650 1.78808e-08
4651 1.78256e-08
4652 1.77706e-08
4653 1.77158e-08
4654 1.76611e-08
4655 1.76066e-08
4656 1.75523e-08
4657 1.74981e-08
4658 1.74441e-08
4659 1.73903e-08
4660 1.73366e-08
4661 1.72831e-08
4662 1.72298e-08
4663 1.71766e-08
4664 1.71236e-08
4665 1.70707e-08
4666 1.7018e-08
4667 1.69655e-08
4668 1.69131e-08
4669 1.68609e-08
4670 1.68089e-08
4671 1.6757e-08
4672 1.67053e-08
4673 1.66537e-08
4674 1.66023e-08
4675 1.65511e-08
4676 1.65e-08
4677 1.64491e-08
4678 1.63983e-08
4679 1.63477e-08
4680 1.62973e-08
4681 1.6247e-08
4682 1.61968e-08
4683 1.61468e-08
4684 1.6097e-08
4685 1.60473e-08
4686 1.59978e-08
4687 1.59485e-08
4688 1.58993e-08
4689 1.58502e-08
4690 1.58013e-08
4691 1.57526e-08
4692 1.5704e-08
4693 1.56555e-08
4694 1.56073e-08
4695 1.55591e-08
4696 1.55111e-08
4697 1.54633e-08
4698 1.54156e-08
4699 1.53681e-08
4700 1.53207e-08
4701 1.52735e-08
4702 1.52264e-08
4703 1.51794e-08
4704 1.51326e-08
4705 1.5086e-08
4706 1.50395e-08
4707 1.49932e-08
4708 1.4947e-08
4709 1.49009e-08
4710 1.4855e-08
4711 1.48092e-08
4712 1.47636e-08
4713 1.47181e-08
4714 1.46728e-08
4715 1.46276e-08
4716 1.45826e-08
4717 1.45377e-08
4718 1.44929e-08
4719 1.44483e-08
4720 1.44038e-08
4721 1.43595e-08
4722 1.43153e-08
4723 1.42712e-08
4724 1.42273e-08
4725 1.41835e-08
4726 1.41399e-08
4727 1.40964e-08
4728 1.4053e-08
4729 1.40098e-08
4730 1.39667e-08
4731 1.39238e-08
4732 1.3881e-08
4733 1.38383e-08
4734 1.37957e-08
4735 1.37533e-08
4736 1.37111e-08
4737 1.36689e-08
4738 1.36269e-08
4739 1.35851e-08
4740 1.35433e-08
4741 1.35017e-08
4742 1.34603e-08
4743 1.34189e-08
4744 1.33777e-08
4745 1.33366e-08
4746 1.32957e-08
4747 1.32549e-08
4748 1.32142e-08
4749 1.31736e-08
4750 1.31332e-08
4751 1.30929e-08
4752 1.30527e-08
4753 1.30126e-08
4754 1.29727e-08
4755 1.29329e-08
4756 1.28933e-08
4757 1.28537e-08
4758 1.28143e-08
4759 1.2775e-08
4760 1.27358e-08
4761 1.26968e-08
4762 1.26578e-08
4763 1.2619e-08
4764 1.25804e-08
4765 1.25418e-08
4766 1.25034e-08
4767 1.24651e-08
4768 1.24269e-08
4769 1.23888e-08
4770 1.23508e-08
4771 1.2313e-08
4772 1.22753e-08
4773 1.22377e-08
4774 1.22002e-08
4775 1.21628e-08
4776 1.21256e-08
4777 1.20885e-08
4778 1.20515e-08
4779 1.20146e-08
4780 1.19778e-08
4781 1.19411e-08
4782 1.19046e-08
4783 1.18681e-08
4784 1.18318e-08
4785 1.17956e-08
4786 1.17595e-08
4787 1.17235e-08
4788 1.16877e-08
4789 1.16519e-08
4790 1.16162e-08
4791 1.15807e-08
4792 1.15453e-08
4793 1.151e-08
4794 1.14748e-08
4795 1.14397e-08
4796 1.14047e-08
4797 1.13698e-08
4798 1.1335e-08
4799 1.13004e-08
4800 1.12658e-08
4801 1.12314e-08
4802 1.11971e-08
4803 1.11628e-08
4804 1.11287e-08
4805 1.10947e-08
4806 1.10608e-08
4807 1.1027e-08
4808 1.09933e-08
4809 1.09597e-08
4810 1.09262e-08
4811 1.08928e-08
4812 1.08595e-08
4813 1.08263e-08
4814 1.07932e-08
4815 1.07603e-08
4816 1.07274e-08
4817 1.06946e-08
4818 1.0662e-08
4819 1.06294e-08
4820 1.05969e-08
4821 1.05646e-08
4822 1.05323e-08
4823 1.05002e-08
4824 1.04681e-08
4825 1.04361e-08
4826 1.04043e-08
4827 1.03725e-08
4828 1.03408e-08
4829 1.03093e-08
4830 1.02778e-08
4831 1.02464e-08
4832 1.02152e-08
4833 1.0184e-08
4834 1.01529e-08
4835 1.01219e-08
4836 1.0091e-08
4837 1.00602e-08
4838 1.00295e-08
4839 9.99894e-09
4840 9.96844e-09
4841 9.93802e-09
4842 9.90771e-09
4843 9.87748e-09
4844 9.84736e-09
4845 9.81732e-09
4846 9.78738e-09
4847 9.75753e-09
4848 9.72777e-09
4849 9.69811e-09
4850 9.66854e-09
4851 9.63906e-09
4852 9.60968e-09
4853 9.58038e-09
4854 9.55118e-09
4855 9.52207e-09
4856 9.49305e-09
4857 9.46412e-09
4858 9.43528e-09
4859 9.40653e-09
4860 9.37788e-09
4861 9.34931e-09
4862 9.32083e-09
4863 9.29244e-09
4864 9.26414e-09
4865 9.23592e-09
4866 9.2078e-09
4867 9.17976e-09
4868 9.15182e-09
4869 9.12396e-09
4870 9.09618e-09
4871 9.0685e-09
4872 9.0409e-09
4873 9.01339e-09
4874 8.98596e-09
4875 8.95862e-09
4876 8.93137e-09
4877 8.9042e-09
4878 8.87712e-09
4879 8.85013e-09
4880 8.82321e-09
4881 8.79639e-09
4882 8.76964e-09
4883 8.74298e-09
4884 8.71641e-09
4885 8.68992e-09
4886 8.66351e-09
4887 8.63718e-09
4888 8.61094e-09
4889 8.58478e-09
4890 8.5587e-09
4891 8.53271e-09
4892 8.5068e-09
4893 8.48097e-09
4894 8.45522e-09
4895 8.42955e-09
4896 8.40397e-09
4897 8.37846e-09
4898 8.35304e-09
4899 8.3277e-09
4900 8.30243e-09
4901 8.27725e-09
4902 8.25215e-09
4903 8.22713e-09
4904 8.20218e-09
4905 8.17732e-09
4906 8.15253e-09
4907 8.12782e-09
4908 8.10319e-09
4909 8.07863e-09
4910 8.05416e-09
4911 8.02976e-09
4912 8.00544e-09
4913 7.9812e-09
4914 7.95703e-09
4915 7.93294e-09
4916 7.90892e-09
4917 7.88499e-09
4918 7.86112e-09
4919 7.83734e-09
4920 7.81363e-09
4921 7.78999e-09
4922 7.76643e-09
4923 7.74294e-09
4924 7.71953e-09
4925 7.69619e-09
4926 7.67292e-09
4927 7.64973e-09
4928 7.62661e-09
4929 7.60356e-09
4930 7.58058e-09
4931 7.55768e-09
4932 7.53485e-09
4933 7.51209e-09
4934 7.48941e-09
4935 7.46679e-09
4936 7.44425e-09
4937 7.42178e-09
4938 7.39938e-09
4939 7.37705e-09
4940 7.35479e-09
4941 7.3326e-09
4942 7.31049e-09
4943 7.28844e-09
4944 7.26646e-09
4945 7.24455e-09
4946 7.22271e-09
4947 7.20094e-09
4948 7.17923e-09
4949 7.1576e-09
4950 7.13603e-09
4951 7.11453e-09
4952 7.0931e-09
4953 7.07173e-09
4954 7.05043e-09
4955 7.0292e-09
4956 7.00804e-09
4957 6.98694e-09
4958 6.96591e-09
4959 6.94495e-09
4960 6.92405e-09
4961 6.90321e-09
4962 6.88245e-09
4963 6.86175e-09
4964 6.84111e-09
4965 6.82054e-09
4966 6.80003e-09
4967 6.77959e-09
4968 6.75922e-09
4969 6.7389e-09
4970 6.71866e-09
4971 6.69847e-09
4972 6.67835e-09
4973 6.65829e-09
4974 6.6383e-09
4975 6.61837e-09
4976 6.5985e-09
4977 6.57869e-09
4978 6.55895e-09
4979 6.53927e-09
4980 6.51965e-09
4981 6.50009e-09
4982 6.4806e-09
4983 6.46117e-09
4984 6.4418e-09
4985 6.42249e-09
4986 6.40324e-09
4987 6.38405e-09
4988 6.36492e-09
4989 6.34585e-09
4990 6.32685e-09
4991 6.3079e-09
4992 6.28901e-09
4993 6.27018e-09
4994 6.25141e-09
4995 6.2327e-09
4996 6.21405e-09
4997 6.19546e-09
4998 6.17692e-09
4999 6.15845e-09
5000 6.14003e-09
5001 6.12167e-09
5002 6.10337e-09
5003 6.08512e-09
5004 6.06693e-09
5005 6.0488e-09
5006 6.03073e-09
5007 6.01272e-09
5008 5.99476e-09
5009 5.97686e-09
5010 5.95902e-09
5011 5.94123e-09
5012 5.9235e-09
5013 5.90583e-09
5014 5.88821e-09
5015 5.87065e-09
5016 5.85315e-09
5017 5.8357e-09
5018 5.8183e-09
5019 5.80096e-09
5020 5.78368e-09
5021 5.76645e-09
5022 5.74927e-09
5023 5.73215e-09
5024 5.71508e-09
5025 5.69806e-09
5026 5.6811e-09
5027 5.6642e-09
5028 5.64735e-09
5029 5.63055e-09
5030 5.6138e-09
5031 5.59711e-09
5032 5.58047e-09
5033 5.56389e-09
5034 5.54736e-09
5035 5.53088e-09
5036 5.51445e-09
5037 5.49808e-09
5038 5.48176e-09
5039 5.46549e-09
5040 5.44927e-09
5041 5.4331e-09
5042 5.41698e-09
5043 5.40091e-09
5044 5.3849e-09
5045 5.36893e-09
5046 5.35302e-09
5047 5.33715e-09
5048 5.32134e-09
5049 5.30558e-09
5050 5.28986e-09
5051 5.2742e-09
5052 5.25859e-09
5053 5.24303e-09
5054 5.22752e-09
5055 5.21206e-09
5056 5.19664e-09
5057 5.18128e-09
5058 5.16597e-09
5059 5.1507e-09
5060 5.13549e-09
5061 5.12032e-09
5062 5.1052e-09
5063 5.09013e-09
5064 5.07511e-09
5065 5.06013e-09
5066 5.0452e-09
5067 5.03032e-09
5068 5.01549e-09
5069 5.0007e-09
5070 4.98596e-09
5071 4.97127e-09
5072 4.95662e-09
5073 4.94202e-09
5074 4.92747e-09
5075 4.91297e-09
5076 4.89851e-09
5077 4.8841e-09
5078 4.86973e-09
5079 4.85541e-09
5080 4.84114e-09
5081 4.82691e-09
5082 4.81273e-09
5083 4.7986e-09
5084 4.78451e-09
5085 4.77046e-09
5086 4.75646e-09
5087 4.7425e-09
5088 4.72859e-09
5089 4.71472e-09
5090 4.7009e-09
5091 4.68712e-09
5092 4.67338e-09
5093 4.65969e-09
5094 4.64604e-09
5095 4.63243e-09
5096 4.61887e-09
5097 4.60535e-09
5098 4.59188e-09
5099 4.57844e-09
5100 4.56505e-09
5101 4.55171e-09
5102 4.53841e-09
5103 4.52514e-09
5104 4.51193e-09
5105 4.49875e-09
5106 4.48562e-09
5107 4.47253e-09
5108 4.45948e-09
5109 4.44647e-09
5110 4.43351e-09
5111 4.42058e-09
5112 4.4077e-09
5113 4.39485e-09
5114 4.38205e-09
5115 4.36929e-09
5116 4.35656e-09
5117 4.34388e-09
5118 4.33124e-09
5119 4.31864e-09
5120 4.30608e-09
5121 4.29356e-09
5122 4.28107e-09
5123 4.26863e-09
5124 4.25623e-09
5125 4.24387e-09
5126 4.23155e-09
5127 4.21926e-09
5128 4.20702e-09
5129 4.19482e-09
5130 4.18265e-09
5131 4.17052e-09
5132 4.15843e-09
5133 4.14639e-09
5134 4.13437e-09
5135 4.1224e-09
5136 4.11047e-09
5137 4.09857e-09
5138 4.08671e-09
5139 4.07489e-09
5140 4.0631e-09
5141 4.05136e-09
5142 4.03965e-09
5143 4.02797e-09
5144 4.01633e-09
5145 4.00473e-09
5146 3.99317e-09
5147 3.98164e-09
5148 3.97015e-09
5149 3.9587e-09
5150 3.94728e-09
5151 3.9359e-09
5152 3.92455e-09
5153 3.91324e-09
5154 3.90197e-09
5155 3.89073e-09
5156 3.87952e-09
5157 3.86836e-09
5158 3.85722e-09
5159 3.84612e-09
5160 3.83506e-09
5161 3.82403e-09
5162 3.81303e-09
5163 3.80207e-09
5164 3.79114e-09
5165 3.78025e-09
5166 3.76939e-09
5167 3.75857e-09
5168 3.74778e-09
5169 3.73702e-09
5170 3.7263e-09
5171 3.71561e-09
5172 3.70496e-09
5173 3.69433e-09
5174 3.68375e-09
5175 3.67319e-09
5176 3.66267e-09
5177 3.65218e-09
5178 3.64172e-09
5179 3.6313e-09
5180 3.62091e-09
5181 3.61055e-09
5182 3.60023e-09
5183 3.58994e-09
5184 3.57968e-09
5185 3.56945e-09
5186 3.55925e-09
5187 3.54909e-09
5188 3.53895e-09
5189 3.52885e-09
5190 3.51878e-09
5191 3.50874e-09
5192 3.49873e-09
5193 3.48875e-09
5194 3.4788e-09
5195 3.46888e-09
5196 3.45899e-09
5197 3.44914e-09
5198 3.43931e-09
5199 3.42952e-09
5200 3.41975e-09
5201 3.41002e-09
5202 3.40031e-09
5203 3.39064e-09
5204 3.381e-09
5205 3.37139e-09
5206 3.36181e-09
5207 3.35225e-09
5208 3.34273e-09
5209 3.33324e-09
5210 3.32377e-09
5211 3.31434e-09
5212 3.30493e-09
5213 3.29556e-09
5214 3.28621e-09
5215 3.27689e-09
5216 3.2676e-09
5217 3.25834e-09
5218 3.24911e-09
5219 3.2399e-09
5220 3.23072e-09
5221 3.22158e-09
5222 3.21246e-09
5223 3.20337e-09
5224 3.1943e-09
5225 3.18527e-09
5226 3.17626e-09
5227 3.16728e-09
5228 3.15833e-09
5229 3.14941e-09
5230 3.14051e-09
5231 3.13164e-09
5232 3.1228e-09
5233 3.11399e-09
5234 3.1052e-09
5235 3.09644e-09
5236 3.08771e-09
5237 3.079e-09
5238 3.07032e-09
5239 3.06167e-09
5240 3.05304e-09
5241 3.04444e-09
5242 3.03586e-09
5243 3.02731e-09
5244 3.01879e-09
5245 3.01029e-09
5246 3.00183e-09
5247 2.99338e-09
5248 2.98497e-09
5249 2.97658e-09
5250 2.96822e-09
5251 2.95988e-09
5252 2.95157e-09
5253 2.94329e-09
5254 2.93503e-09
5255 2.9268e-09
5256 2.91859e-09
5257 2.91041e-09
5258 2.90226e-09
5259 2.89413e-09
5260 2.88602e-09
5261 2.87794e-09
5262 2.86989e-09
5263 2.86186e-09
5264 2.85385e-09
5265 2.84587e-09
5266 2.83792e-09
5267 2.82998e-09
5268 2.82208e-09
5269 2.8142e-09
5270 2.80634e-09
5271 2.79851e-09
5272 2.7907e-09
5273 2.78291e-09
5274 2.77515e-09
5275 2.76741e-09
5276 2.7597e-09
5277 2.75201e-09
5278 2.74435e-09
5279 2.73671e-09
5280 2.72909e-09
5281 2.7215e-09
5282 2.71393e-09
5283 2.70638e-09
5284 2.69886e-09
5285 2.69136e-09
5286 2.68389e-09
5287 2.67643e-09
5288 2.669e-09
5289 2.66159e-09
5290 2.65421e-09
5291 2.64685e-09
5292 2.63951e-09
5293 2.6322e-09
5294 2.6249e-09
5295 2.61764e-09
5296 2.61039e-09
5297 2.60317e-09
5298 2.59597e-09
5299 2.5888e-09
5300 2.58164e-09
5301 2.57451e-09
5302 2.56741e-09
5303 2.56032e-09
5304 2.55326e-09
5305 2.54622e-09
5306 2.5392e-09
5307 2.53221e-09
5308 2.52523e-09
5309 2.51828e-09
5310 2.51135e-09
5311 2.50444e-09
5312 2.49755e-09
5313 2.49068e-09
5314 2.48384e-09
5315 2.47701e-09
5316 2.47021e-09
5317 2.46343e-09
5318 2.45667e-09
5319 2.44993e-09
5320 2.44322e-09
5321 2.43652e-09
5322 2.42985e-09
5323 2.4232e-09
5324 2.41657e-09
5325 2.40996e-09
5326 2.40337e-09
5327 2.3968e-09
5328 2.39026e-09
5329 2.38373e-09
5330 2.37723e-09
5331 2.37074e-09
5332 2.36428e-09
5333 2.35783e-09
5334 2.35141e-09
5335 2.34501e-09
5336 2.33863e-09
5337 2.33227e-09
5338 2.32593e-09
5339 2.31961e-09
5340 2.31331e-09
5341 2.30703e-09
5342 2.30077e-09
5343 2.29453e-09
5344 2.28831e-09
5345 2.28211e-09
5346 2.27593e-09
5347 2.26978e-09
5348 2.26364e-09
5349 2.25752e-09
5350 2.25142e-09
5351 2.24534e-09
5352 2.23928e-09
5353 2.23324e-09
5354 2.22722e-09
5355 2.22122e-09
5356 2.21524e-09
5357 2.20928e-09
5358 2.20333e-09
5359 2.19741e-09
5360 2.19151e-09
5361 2.18562e-09
5362 2.17976e-09
5363 2.17391e-09
5364 2.16808e-09
5365 2.16227e-09
5366 2.15648e-09
5367 2.15071e-09
5368 2.14495e-09
5369 2.13922e-09
5370 2.1335e-09
5371 2.1278e-09
5372 2.12212e-09
5373 2.11646e-09
5374 2.11082e-09
5375 2.1052e-09
5376 2.09959e-09
5377 2.09401e-09
5378 2.08844e-09
5379 2.08289e-09
5380 2.07736e-09
5381 2.07184e-09
5382 2.06635e-09
5383 2.06087e-09
5384 2.05541e-09
5385 2.04997e-09
5386 2.04455e-09
5387 2.03914e-09
5388 2.03376e-09
5389 2.02839e-09
5390 2.02304e-09
5391 2.0177e-09
5392 2.01239e-09
5393 2.00709e-09
5394 2.00181e-09
5395 1.99654e-09
5396 1.99129e-09
5397 1.98606e-09
5398 1.98085e-09
5399 1.97565e-09
5400 1.97047e-09
5401 1.96531e-09
5402 1.96016e-09
5403 1.95504e-09
5404 1.94993e-09
5405 1.94483e-09
5406 1.93976e-09
5407 1.9347e-09
5408 1.92966e-09
5409 1.92463e-09
5410 1.91962e-09
5411 1.91463e-09
5412 1.90966e-09
5413 1.9047e-09
5414 1.89975e-09
5415 1.89483e-09
5416 1.88992e-09
5417 1.88502e-09
5418 1.88014e-09
5419 1.87528e-09
5420 1.87043e-09
5421 1.86559e-09
5422 1.86078e-09
5423 1.85598e-09
5424 1.85119e-09
5425 1.84642e-09
5426 1.84167e-09
5427 1.83693e-09
5428 1.83221e-09
5429 1.82751e-09
5430 1.82282e-09
5431 1.81815e-09
5432 1.81349e-09
5433 1.80885e-09
5434 1.80422e-09
5435 1.79961e-09
5436 1.79501e-09
5437 1.79043e-09
5438 1.78586e-09
5439 1.78131e-09
5440 1.77678e-09
5441 1.77225e-09
5442 1.76775e-09
5443 1.76325e-09
5444 1.75877e-09
5445 1.75431e-09
5446 1.74986e-09
5447 1.74542e-09
5448 1.741e-09
5449 1.7366e-09
5450 1.7322e-09
5451 1.72782e-09
5452 1.72346e-09
5453 1.71911e-09
5454 1.71477e-09
5455 1.71045e-09
5456 1.70614e-09
5457 1.70185e-09
5458 1.69757e-09
5459 1.6933e-09
5460 1.68905e-09
5461 1.68481e-09
5462 1.68059e-09
5463 1.67638e-09
5464 1.67218e-09
5465 1.668e-09
5466 1.66383e-09
5467 1.65967e-09
5468 1.65552e-09
5469 1.65139e-09
5470 1.64728e-09
5471 1.64317e-09
5472 1.63908e-09
5473 1.63501e-09
5474 1.63095e-09
5475 1.6269e-09
5476 1.62286e-09
5477 1.61884e-09
5478 1.61483e-09
5479 1.61083e-09
5480 1.60685e-09
5481 1.60288e-09
5482 1.59892e-09
5483 1.59498e-09
5484 1.59105e-09
5485 1.58713e-09
5486 1.58322e-09
5487 1.57933e-09
5488 1.57545e-09
5489 1.57158e-09
5490 1.56772e-09
5491 1.56388e-09
5492 1.56004e-09
5493 1.55622e-09
5494 1.55242e-09
5495 1.54862e-09
5496 1.54484e-09
5497 1.54107e-09
5498 1.53732e-09
5499 1.53357e-09
5500 1.52984e-09
5501 1.52611e-09
5502 1.5224e-09
5503 1.5187e-09
5504 1.51502e-09
5505 1.51134e-09
5506 1.50767e-09
5507 1.50402e-09
5508 1.50038e-09
5509 1.49675e-09
5510 1.49313e-09
5511 1.48952e-09
5512 1.48592e-09
5513 1.48234e-09
5514 1.47876e-09
5515 1.4752e-09
5516 1.47165e-09
5517 1.46811e-09
5518 1.46458e-09
5519 1.46106e-09
5520 1.45756e-09
5521 1.45406e-09
5522 1.45058e-09
5523 1.44711e-09
5524 1.44365e-09
5525 1.4402e-09
5526 1.43676e-09
5527 1.43334e-09
5528 1.42992e-09
5529 1.42651e-09
5530 1.42312e-09
5531 1.41973e-09
5532 1.41635e-09
5533 1.41299e-09
5534 1.40963e-09
5535 1.40628e-09
5536 1.40295e-09
5537 1.39962e-09
5538 1.39631e-09
5539 1.393e-09
5540 1.38971e-09
5541 1.38642e-09
5542 1.38315e-09
5543 1.37989e-09
5544 1.37664e-09
5545 1.3734e-09
5546 1.37017e-09
5547 1.36695e-09
5548 1.36374e-09
5549 1.36054e-09
5550 1.35735e-09
5551 1.35418e-09
5552 1.35101e-09
5553 1.34785e-09
5554 1.3447e-09
5555 1.34156e-09
5556 1.33843e-09
5557 1.33531e-09
5558 1.3322e-09
5559 1.3291e-09
5560 1.326e-09
5561 1.32292e-09
5562 1.31984e-09
5563 1.31678e-09
5564 1.31372e-09
5565 1.31068e-09
5566 1.30764e-09
5567 1.30461e-09
5568 1.3016e-09
5569 1.29859e-09
5570 1.29559e-09
5571 1.2926e-09
5572 1.28962e-09
5573 1.28665e-09
5574 1.28369e-09
5575 1.28074e-09
5576 1.2778e-09
5577 1.27487e-09
5578 1.27195e-09
5579 1.26903e-09
5580 1.26613e-09
5581 1.26323e-09
5582 1.26034e-09
5583 1.25747e-09
5584 1.25459e-09
5585 1.25173e-09
5586 1.24888e-09
5587 1.24603e-09
5588 1.2432e-09
5589 1.24037e-09
5590 1.23755e-09
5591 1.23474e-09
5592 1.23194e-09
5593 1.22914e-09
5594 1.22636e-09
5595 1.22358e-09
5596 1.22082e-09
5597 1.21806e-09
5598 1.21532e-09
5599 1.21258e-09
5600 1.20985e-09
5601 1.20713e-09
5602 1.20442e-09
5603 1.20171e-09
5604 1.19902e-09
5605 1.19633e-09
5606 1.19365e-09
5607 1.19098e-09
5608 1.18832e-09
5609 1.18566e-09
5610 1.18301e-09
5611 1.18037e-09
5612 1.17774e-09
5613 1.17512e-09
5614 1.1725e-09
5615 1.16989e-09
5616 1.16729e-09
5617 1.16469e-09
5618 1.16211e-09
5619 1.15953e-09
5620 1.15696e-09
5621 1.1544e-09
5622 1.15184e-09
5623 1.1493e-09
5624 1.14676e-09
5625 1.14423e-09
5626 1.14171e-09
5627 1.13919e-09
5628 1.13669e-09
5629 1.13419e-09
5630 1.1317e-09
5631 1.12922e-09
5632 1.12674e-09
5633 1.12427e-09
5634 1.12182e-09
5635 1.11936e-09
5636 1.11692e-09
5637 1.11448e-09
5638 1.11205e-09
5639 1.10963e-09
5640 1.10722e-09
5641 1.10481e-09
5642 1.10241e-09
5643 1.10002e-09
5644 1.09764e-09
5645 1.09526e-09
5646 1.0929e-09
5647 1.09054e-09
5648 1.08819e-09
5649 1.08584e-09
5650 1.08351e-09
5651 1.08118e-09
5652 1.07885e-09
5653 1.07654e-09
5654 1.07423e-09
5655 1.07193e-09
5656 1.06964e-09
5657 1.06735e-09
5658 1.06507e-09
5659 1.06279e-09
5660 1.06053e-09
5661 1.05827e-09
5662 1.05601e-09
5663 1.05377e-09
5664 1.05153e-09
5665 1.0493e-09
5666 1.04707e-09
5667 1.04485e-09
5668 1.04264e-09
5669 1.04043e-09
5670 1.03823e-09
5671 1.03604e-09
5672 1.03386e-09
5673 1.03168e-09
5674 1.0295e-09
5675 1.02734e-09
5676 1.02518e-09
5677 1.02303e-09
5678 1.02088e-09
5679 1.01874e-09
5680 1.01661e-09
5681 1.01448e-09
5682 1.01236e-09
5683 1.01025e-09
5684 1.00814e-09
5685 1.00605e-09
5686 1.00395e-09
5687 1.00187e-09
5688 9.99791e-10
